"fname","cop_name","plate","frame","sec","drop","blobs","blob_size","x","y","distance","dot_product"
"20_6B_13","20_6B","20",0,-1.125,0,0,NA,729.5,228.5,NA,NA
"20_6B_13","20_6B","20",1,-1,0,0,NA,729.5,228.5,0,0
"20_6B_13","20_6B","20",2,-0.875,0,0,NA,729.5,228.5,0,0
"20_6B_13","20_6B","20",3,-0.75,0,0,NA,729.5,228.5,0,0
"20_6B_13","20_6B","20",4,-0.625,0,0,NA,729.5,228.5,0,0
"20_6B_13","20_6B","20",5,-0.5,0,0,NA,729.5,228.5,0,0
"20_6B_13","20_6B","20",6,-0.375,0,0,NA,729.5,228.5,0,0
"20_6B_13","20_6B","20",7,-0.25,0,0,NA,729.5,228.5,0,0
"20_6B_13","20_6B","20",8,-0.125,0,0,NA,729.5,228.5,0,0
"20_6B_13","20_6B","20",9,0,0,0,NA,729.5,228.5,0,0
"20_6B_13","20_6B","20",10,0.125,0,0,NA,729.5,228.5,0,0
"20_6B_13","20_6B","20",11,0.25,0,0,NA,729.5,228.5,0,0
"20_6B_13","20_6B","20",12,0.375,0,0,NA,729.5,228.5,0,0
"20_6B_13","20_6B","20",13,0.5,0,0,NA,729.5,228.5,0,0
"20_6B_13","20_6B","20",14,0.625,0,1,3.16227769851685,729.5,228.5,0,0
"20_6B_13","20_6B","20",15,0.75,0,0,NA,729.5,228.5,0,0
"20_6B_13","20_6B","20",16,0.875,0,0,NA,729.5,228.5,0,0
"20_6B_13","20_6B","20",17,1,0,0,NA,729.5,228.5,0,0
"20_6B_13","20_6B","20",18,1.125,0,0,NA,729.5,228.5,0,0
"20_6B_13","20_6B","20",19,1.25,0,0,NA,729.5,228.5,0,0
"20_6B_13","20_6B","20",20,1.375,0,0,NA,729.5,228.5,0,0
"20_6B_13","20_6B","20",21,1.5,0,0,NA,729.5,228.5,0,0
"20_6B_13","20_6B","20",22,1.625,0,0,NA,729.5,228.5,0,0
"20_6B_13","20_6B","20",23,1.75,0,0,NA,729.5,228.5,0,0
"20_6B_13","20_6B","20",24,1.875,0,0,NA,729.5,228.5,0,0
"20_6B_13","20_6B","20",25,2,0,0,NA,729.5,228.5,0,0
"20_6B_13","20_6B","20",26,2.125,0,0,NA,729.5,228.5,0,0
"20_6B_13","20_6B","20",27,2.25,0,0,NA,729.5,228.5,0,0
"20_6B_13","20_6B","20",28,2.375,0,0,NA,729.5,228.5,0,0
"20_6B_13","20_6B","20",29,2.5,0,0,NA,729.5,228.5,0,0
"20_6B_13","20_6B","20",30,2.625,0,0,NA,729.5,228.5,0,0
"20_6B_13","20_6B","20",31,2.75,0,0,NA,729.5,228.5,0,0
"20_6B_13","20_6B","20",32,2.875,0,0,NA,729.5,228.5,0,0
"20_6B_13","20_6B","20",33,3,0,0,NA,729.5,228.5,0,0
"20_6B_13","20_6B","20",34,3.125,0,0,NA,729.5,228.5,0,0
"20_6B_13","20_6B","20",35,3.25,0,0,NA,729.5,228.5,0,0
"20_6B_13","20_6B","20",36,3.375,0,0,NA,729.5,228.5,0,0
"20_6B_13","20_6B","20",37,3.5,0,0,NA,729.5,228.5,0,0
"20_6B_13","20_6B","20",38,3.625,0,0,NA,729.5,228.5,0,0
"20_6B_13","20_6B","20",39,3.75,0,0,NA,729.5,228.5,0,0
"20_6B_13","20_6B","20",40,3.875,0,0,NA,729.5,228.5,0,0
"20_6B_13","20_6B","20",41,4,0,0,NA,729.5,228.5,0,0
"20_6B_13","20_6B","20",42,4.125,0,0,NA,729.5,228.5,0,0
"20_6B_13","20_6B","20",43,4.25,0,0,NA,729.5,228.5,0,0
"20_6B_13","20_6B","20",44,4.375,0,0,NA,729.5,228.5,0,0
"20_6B_13","20_6B","20",45,4.5,0,0,NA,729.5,228.5,0,0
"20_6B_13","20_6B","20",46,4.625,0,0,NA,729.5,228.5,0,0
"20_6B_13","20_6B","20",47,4.75,0,0,NA,729.5,228.5,0,0
"20_6B_13","20_6B","20",48,4.875,0,0,NA,729.5,228.5,0,0
"20_6B_13","20_6B","20",49,5,0,0,NA,729.5,228.5,0,0
"20_6B_13","20_6B","20",50,5.125,0,0,NA,729.5,228.5,0,0
"20_6B_13","20_6B","20",51,5.25,0,0,NA,729.5,228.5,0,0
"20_6B_13","20_6B","20",52,5.375,0,0,NA,729.5,228.5,0,0
"20_6B_13","20_6B","20",53,5.5,0,0,NA,729.5,228.5,0,0
"20_6B_13","20_6B","20",54,5.625,0,0,NA,729.5,228.5,0,0
"20_6B_13","20_6B","20",55,5.75,0,0,NA,729.5,228.5,0,0
"20_6B_13","20_6B","20",56,5.875,0,0,NA,729.5,228.5,0,0
"20_6B_13","20_6B","20",57,6,0,1,3.60555124282837,729.5,228.5,0,0
"20_6B_13","20_6B","20",58,6.125,0,1,3.61316752433777,729.5,228.5,0,0
"20_6B_13","20_6B","20",59,6.25,0,0,NA,729.5,228.5,0,0
"20_6B_13","20_6B","20",60,6.375,0,0,NA,729.5,228.5,0,0
"20_6B_13","20_6B","20",61,6.5,0,0,NA,729.5,228.5,0,0
"20_6B_13","20_6B","20",62,6.625,0,0,NA,729.5,228.5,0,0
"20_6B_13","20_6B","20",63,6.75,0,0,NA,729.5,228.5,0,0
"20_6B_13","20_6B","20",64,6.875,0,0,NA,729.5,228.5,0,0
"20_6B_13","20_6B","20",65,7,0,0,NA,729.5,228.5,0,0
"20_6B_13","20_6B","20",66,7.125,0,0,NA,729.5,228.5,0,0
"20_6B_13","20_6B","20",67,7.25,0,0,NA,729.5,228.5,0,0
"20_6B_13","20_6B","20",68,7.375,0,0,NA,729.5,228.5,0,0
"20_6B_13","20_6B","20",69,7.5,0,0,NA,729.5,228.5,0,0
"20_6B_13","20_6B","20",70,7.625,0,0,NA,729.5,228.5,0,0
"20_6B_13","20_6B","20",71,7.75,0,0,NA,729.5,228.5,0,0
"20_6B_13","20_6B","20",72,7.875,0,0,NA,729.5,228.5,0,0
"20_6B_13","20_6B","20",73,8,0,0,NA,729.5,228.5,0,0
"20_6B_13","20_6B","20",74,8.125,0,0,NA,729.5,228.5,0,0
"20_6B_13","20_6B","20",75,8.25,0,0,NA,729.5,228.5,0,0
"20_6B_13","20_6B","20",76,8.375,0,0,NA,729.5,228.5,0,0
"20_6B_13","20_6B","20",77,8.5,0,0,NA,729.5,228.5,0,0
"20_6B_13","20_6B","20",78,8.625,0,0,NA,729.5,228.5,0,0
"20_6B_13","20_6B","20",79,8.75,0,0,NA,729.5,228.5,0,0
"20_6B_13","20_6B","20",80,8.875,0,0,NA,729.5,228.5,0,0
"20_6B_13","20_6B","20",81,9,0,0,NA,729.5,228.5,0,0
"20_6B_13","20_6B","20",82,9.125,0,0,NA,729.5,228.5,0,0
"20_6B_13","20_6B","20",83,9.25,0,0,NA,729.5,228.5,0,0
"20_6B_13","20_6B","20",84,9.375,0,0,NA,729.5,228.5,0,0
"20_6B_13","20_6B","20",85,9.5,0,0,NA,729.5,228.5,0,0
"20_6B_13","20_6B","20",86,9.625,0,0,NA,729.5,228.5,0,0
"20_6B_13","20_6B","20",87,9.75,0,0,NA,729.5,228.5,0,0
"20_6B_13","20_6B","20",88,9.875,0,0,NA,729.5,228.5,0,0
"20_6B_13","20_6B","20",89,10,0,0,NA,729.5,228.5,0,0
"20_6B_13","20_6B","20",90,10.125,0,0,NA,729.5,228.5,0,0
"20_6B_13","20_6B","20",91,10.25,0,0,NA,729.5,228.5,0,0
"20_6B_13","20_6B","20",92,10.375,0,0,NA,729.5,228.5,0,0
"20_6B_13","20_6B","20",93,10.5,0,0,NA,729.5,228.5,0,0
"20_6B_13","20_6B","20",94,10.625,0,0,NA,729.5,228.5,0,0
"20_6B_13","20_6B","20",95,10.75,0,0,NA,729.5,228.5,0,0
"20_6B_13","20_6B","20",96,10.875,0,0,NA,729.5,228.5,0,0
"20_6B_13","20_6B","20",97,11,0,0,NA,729.5,228.5,0,0
"20_6B_13","20_6B","20",98,11.125,0,0,NA,729.5,228.5,0,0
"20_6B_13","20_6B","20",99,11.25,0,0,NA,729.5,228.5,0,0
"20_6B_13","20_6B","20",100,11.375,0,0,NA,729.5,228.5,0,0
"20_6B_13","20_6B","20",101,11.5,0,0,NA,729.5,228.5,0,0
"20_6B_13","20_6B","20",102,11.625,0,0,NA,729.5,228.5,0,0
"20_6B_13","20_6B","20",103,11.75,0,0,NA,729.5,228.5,0,0
"20_6B_13","20_6B","20",104,11.875,0,0,NA,729.5,228.5,0,0
"20_6B_13","20_6B","20",105,12,0,0,NA,729.5,228.5,0,0
"20_6B_13","20_6B","20",106,12.125,0,0,NA,729.5,228.5,0,0
"20_6B_13","20_6B","20",107,12.25,0,0,NA,729.5,228.5,0,0
"20_6B_13","20_6B","20",108,12.375,0,0,NA,729.5,228.5,0,0
"20_6B_13","20_6B","20",109,12.5,0,0,NA,729.5,228.5,0,0
"20_6B_13","20_6B","20",110,12.625,0,0,NA,729.5,228.5,0,0
"20_6B_13","20_6B","20",111,12.75,0,0,NA,729.5,228.5,0,0
"20_6B_13","20_6B","20",112,12.875,0,0,NA,729.5,228.5,0,0
"20_6B_13","20_6B","20",113,13,0,0,NA,729.5,228.5,0,0
"20_6B_13","20_6B","20",114,13.125,0,0,NA,729.5,228.5,0,0
"20_6B_13","20_6B","20",115,13.25,0,0,NA,729.5,228.5,0,0
"20_6B_13","20_6B","20",116,13.375,0,0,NA,729.5,228.5,0,0
"20_6B_13","20_6B","20",117,13.5,0,0,NA,729.5,228.5,0,0
"20_6B_13","20_6B","20",118,13.625,0,0,NA,729.5,228.5,0,0
"20_6B_13","20_6B","20",119,13.75,0,0,NA,729.5,228.5,0,0
"20_6B_13","20_6B","20",120,13.875,0,0,NA,729.5,228.5,0,0
"20_6B_13","20_6B","20",121,14,0,0,NA,729.5,228.5,0,0
"20_6B_13","20_6B","20",122,14.125,0,0,NA,729.5,228.5,0,0
"20_6B_13","20_6B","20",123,14.25,0,0,NA,729.5,228.5,0,0
"20_6B_13","20_6B","20",124,14.375,0,0,NA,729.5,228.5,0,0
"20_6B_13","20_6B","20",125,14.5,0,0,NA,729.5,228.5,0,0
"20_6B_13","20_6B","20",126,14.625,0,0,NA,729.5,228.5,0,0
"20_6B_13","20_6B","20",127,14.75,0,0,NA,729.5,228.5,0,0
"20_6B_13","20_6B","20",128,14.875,0,0,NA,729.5,228.5,0,0
"20_6B_13","20_6B","20",129,15,0,0,NA,729.5,228.5,0,0
"20_6B_13","20_6B","20",130,15.125,0,0,NA,729.5,228.5,0,0
"20_6B_13","20_6B","20",131,15.25,0,0,NA,729.5,228.5,0,0
"20_6B_13","20_6B","20",132,15.375,0,0,NA,729.5,228.5,0,0
"20_6B_13","20_6B","20",133,15.5,0,0,NA,729.5,228.5,0,0
"20_6B_13","20_6B","20",134,15.625,0,0,NA,729.5,228.5,0,0
"20_6B_13","20_6B","20",135,15.75,0,1,3.60555124282837,729.5,228.5,0,0
"20_6B_13","20_6B","20",136,15.875,0,0,NA,729.5,228.5,0,0
"20_6B_13","20_6B","20",137,16,0,0,NA,729.5,228.5,0,0
"20_6B_13","20_6B","20",138,16.125,0,0,NA,729.5,228.5,0,0
"20_6B_13","20_6B","20",139,16.25,0,0,NA,729.5,228.5,0,0
"20_6B_13","20_6B","20",140,16.375,0,0,NA,729.5,228.5,0,0
"20_6B_13","20_6B","20",141,16.5,0,0,NA,729.5,228.5,0,0
"20_6B_13","20_6B","20",142,16.625,0,1,3.10949110984802,729.5,228.5,0,0
"20_6B_13","20_6B","20",143,16.75,0,0,NA,729.5,228.5,0,0
"20_6B_13","20_6B","20",144,16.875,0,0,NA,729.5,228.5,0,0
"20_6B_13","20_6B","20",145,17,0,0,NA,729.5,228.5,0,0
"20_6B_13","20_6B","20",146,17.125,0,0,NA,729.5,228.5,0,0
"20_6B_13","20_6B","20",147,17.25,0,0,NA,729.5,228.5,0,0
"20_6B_13","20_6B","20",148,17.375,0,0,NA,729.5,228.5,0,0
"20_6B_13","20_6B","20",149,17.5,0,0,NA,729.5,228.5,0,0
"20_6B_13","20_6B","20",150,17.625,0,0,NA,729.5,228.5,0,0
"20_6B_13","20_6B","20",151,17.75,0,0,NA,729.5,228.5,0,0
"20_6B_13","20_6B","20",152,17.875,0,0,NA,729.5,228.5,0,0
"20_6B_13","20_6B","20",153,18,0,0,NA,729.5,228.5,0,0
"20_6B_13","20_6B","20",154,18.125,0,0,NA,729.5,228.5,0,0
"20_6B_13","20_6B","20",155,18.25,0,0,NA,729.5,228.5,0,0
"20_6B_13","20_6B","20",156,18.375,0,0,NA,729.5,228.5,0,0
"20_6B_13","20_6B","20",157,18.5,0,0,NA,729.5,228.5,0,0
"20_6B_13","20_6B","20",158,18.625,0,0,NA,729.5,228.5,0,0
"20_6B_13","20_6B","20",159,18.75,0,0,NA,729.5,228.5,0,0
"20_6B_13","20_6B","20",160,18.875,0,0,NA,729.5,228.5,0,0
"20_6B_13","20_6B","20",161,19,0,0,NA,729.5,228.5,0,0
"20_6B_13","20_6B","20",162,19.125,0,0,NA,729.5,228.5,0,0
"20_6B_13","20_6B","20",163,19.25,0,0,NA,729.5,228.5,0,0
"20_6B_13","20_6B","20",164,19.375,0,0,NA,729.5,228.5,0,0
"20_6B_13","20_6B","20",165,19.5,0,0,NA,729.5,228.5,0,0
"20_6B_13","20_6B","20",166,19.625,0,0,NA,729.5,228.5,0,0
"20_6B_13","20_6B","20",167,19.75,0,0,NA,729.5,228.5,0,0
"20_6B_13","20_6B","20",168,19.875,0,0,NA,729.5,228.5,0,0
"20_6B_13","20_6B","20",169,20,0,0,NA,729.5,228.5,0,0
"20_6B_13","20_6B","20",170,20.125,0,0,NA,729.5,228.5,0,0
"20_6B_13","20_6B","20",171,20.25,0,0,NA,729.5,228.5,0,0
"20_6B_13","20_6B","20",172,20.375,0,0,NA,729.5,228.5,0,0
"20_6B_13","20_6B","20",173,20.5,0,0,NA,729.5,228.5,0,0
"20_6B_13","20_6B","20",174,20.625,0,0,NA,729.5,228.5,0,0
"20_6B_13","20_6B","20",175,20.75,0,0,NA,729.5,228.5,0,0
"20_6B_13","20_6B","20",176,20.875,0,0,NA,729.5,228.5,0,0
"20_6B_13","20_6B","20",177,21,0,0,NA,729.5,228.5,0,0
"20_6B_13","20_6B","20",178,21.125,0,0,NA,729.5,228.5,0,0
"20_6B_13","20_6B","20",179,21.25,0,0,NA,729.5,228.5,0,0
"20_6B_13","20_6B","20",180,21.375,0,0,NA,729.5,228.5,0,0
"20_6B_13","20_6B","20",181,21.5,0,0,NA,729.5,228.5,0,0
"20_6B_13","20_6B","20",182,21.625,0,0,NA,729.5,228.5,0,0
"20_6B_13","20_6B","20",183,21.75,0,0,NA,729.5,228.5,0,0
"20_6B_13","20_6B","20",184,21.875,0,0,NA,729.5,228.5,0,0
"20_6B_13","20_6B","20",185,22,0,0,NA,729.5,228.5,0,0
"20_6B_13","20_6B","20",186,22.125,0,0,NA,729.5,228.5,0,0
"20_6B_13","20_6B","20",187,22.25,0,0,NA,729.5,228.5,0,0
"20_6B_13","20_6B","20",188,22.375,0,0,NA,729.5,228.5,0,0
"20_6B_13","20_6B","20",189,22.5,0,0,NA,729.5,228.5,0,0
"20_6B_13","20_6B","20",190,22.625,0,0,NA,729.5,228.5,0,0
"20_6B_13","20_6B","20",191,22.75,0,0,NA,729.5,228.5,0,0
"20_6B_13","20_6B","20",192,22.875,0,0,NA,729.5,228.5,0,0
"20_6B_13","20_6B","20",193,23,0,0,NA,729.5,228.5,0,0
"20_6B_13","20_6B","20",194,23.125,0,0,NA,729.5,228.5,0,0
"20_6B_13","20_6B","20",195,23.25,0,0,NA,729.5,228.5,0,0
"20_6B_13","20_6B","20",196,23.375,0,0,NA,729.5,228.5,0,0
"20_6B_13","20_6B","20",197,23.5,0,0,NA,729.5,228.5,0,0
"20_6B_13","20_6B","20",198,23.625,0,0,NA,729.5,228.5,0,0
"20_6B_13","20_6B","20",199,23.75,0,0,NA,729.5,228.5,0,0
"20_6B_13","20_6B","20",200,23.875,0,0,NA,729.5,228.5,0,0
"20_6B_13","20_6B","20",201,24,0,0,NA,729.5,228.5,0,0
"20_6B_13","20_6B","20",202,24.125,0,0,NA,729.5,228.5,0,0
"20_6B_13","20_6B","20",203,24.25,0,0,NA,729.5,228.5,0,0
"20_6B_13","20_6B","20",204,24.375,0,0,NA,729.5,228.5,0,0
"20_6B_13","20_6B","20",205,24.5,0,0,NA,729.5,228.5,0,0
"20_6B_13","20_6B","20",206,24.625,0,0,NA,729.5,228.5,0,0
"20_6B_13","20_6B","20",207,24.75,0,0,NA,729.5,228.5,0,0
"20_6B_13","20_6B","20",208,24.875,0,0,NA,729.5,228.5,0,0
"20_6B_13","20_6B","20",209,25,0,0,NA,729.5,228.5,0,0
"20_6B_13","20_6B","20",210,25.125,0,0,NA,729.5,228.5,0,0
"20_6B_13","20_6B","20",211,25.25,0,0,NA,729.5,228.5,0,0
"20_6B_13","20_6B","20",212,25.375,0,0,NA,729.5,228.5,0,0
"20_6B_13","20_6B","20",213,25.5,0,0,NA,729.5,228.5,0,0
"20_6B_13","20_6B","20",214,25.625,0,0,NA,729.5,228.5,0,0
"20_6B_13","20_6B","20",215,25.75,0,0,NA,729.5,228.5,0,0
"20_6B_13","20_6B","20",216,25.875,0,0,NA,729.5,228.5,0,0
"20_6B_13","20_6B","20",217,26,0,0,NA,729.5,228.5,0,0
"20_6B_13","20_6B","20",218,26.125,0,0,NA,729.5,228.5,0,0
"20_6B_13","20_6B","20",219,26.25,0,0,NA,729.5,228.5,0,0
"20_6B_13","20_6B","20",220,26.375,0,0,NA,729.5,228.5,0,0
"20_6B_13","20_6B","20",221,26.5,0,0,NA,729.5,228.5,0,0
"20_6B_13","20_6B","20",222,26.625,0,0,NA,729.5,228.5,0,0
"20_6B_13","20_6B","20",223,26.75,0,0,NA,729.5,228.5,0,0
"20_6B_13","20_6B","20",224,26.875,0,0,NA,729.5,228.5,0,0
"20_6B_13","20_6B","20",225,27,0,0,NA,729.5,228.5,0,0
"20_6B_13","20_6B","20",226,27.125,0,0,NA,729.5,228.5,0,0
"20_6B_13","20_6B","20",227,27.25,0,0,NA,729.5,228.5,0,0
"20_6B_13","20_6B","20",228,27.375,0,0,NA,729.5,228.5,0,0
"20_6B_13","20_6B","20",229,27.5,0,0,NA,729.5,228.5,0,0
"20_6B_13","20_6B","20",230,27.625,0,0,NA,729.5,228.5,0,0
"20_6B_13","20_6B","20",231,27.75,0,0,NA,729.5,228.5,0,0
"20_6B_13","20_6B","20",232,27.875,0,0,NA,729.5,228.5,0,0
"20_6B_13","20_6B","20",233,28,0,0,NA,729.5,228.5,0,0
"20_6B_13","20_6B","20",234,28.125,0,0,NA,729.5,228.5,0,0
"20_6B_13","20_6B","20",235,28.25,0,0,NA,729.5,228.5,0,0
"20_6B_13","20_6B","20",236,28.375,0,0,NA,729.5,228.5,0,0
"20_6B_13","20_6B","20",237,28.5,0,0,NA,729.5,228.5,0,0
"20_6B_13","20_6B","20",238,28.625,0,0,NA,729.5,228.5,0,0
"20_6B_13","20_6B","20",239,28.75,0,0,NA,729.5,228.5,0,0
"20_6B_13","20_6B","20",240,28.875,0,0,NA,729.5,228.5,0,0
"20_6B_13","20_6B","20",241,29,0,0,NA,729.5,228.5,0,0
"20_6B_13","20_6B","20",242,29.125,0,0,NA,729.5,228.5,0,0
"20_6B_13","20_6B","20",243,29.25,0,0,NA,729.5,228.5,0,0
"20_6B_13","20_6B","20",244,29.375,0,0,NA,729.5,228.5,0,0
"20_6B_13","20_6B","20",245,29.5,0,0,NA,729.5,228.5,0,0
"20_6B_13","20_6B","20",246,29.625,0,0,NA,729.5,228.5,0,0
"20_6B_13","20_6B","20",247,29.75,0,0,NA,729.5,228.5,0,0
"20_6B_13","20_6B","20",248,29.875,0,0,NA,729.5,228.5,0,0
"20_6B_13","20_6B","20",249,30,0,0,NA,729.5,228.5,0,0
"20_6B_13","20_6B","20",250,30.125,0,0,NA,729.5,228.5,0,0
"20_6B_13","20_6B","20",251,30.25,0,0,NA,729.5,228.5,0,0
"20_6B_13","20_6B","20",252,30.375,0,0,NA,729.5,228.5,0,0
"20_6B_13","20_6B","20",253,30.5,0,0,NA,729.5,228.5,0,0
"20_6B_13","20_6B","20",254,30.625,0,0,NA,729.5,228.5,0,0
"20_6B_13","20_6B","20",255,30.75,0,0,NA,729.5,228.5,0,0
"20_6B_13","20_6B","20",256,30.875,0,0,NA,729.5,228.5,0,0
"20_6B_13","20_6B","20",257,31,0,0,NA,729.5,228.5,0,0
"20_6B_13","20_6B","20",258,31.125,0,0,NA,729.5,228.5,0,0
"20_6B_13","20_6B","20",259,31.25,0,0,NA,729.5,228.5,0,0
"20_6B_13","20_6B","20",260,31.375,0,0,NA,729.5,228.5,0,0
"20_6B_13","20_6B","20",261,31.5,0,0,NA,729.5,228.5,0,0
"20_6B_13","20_6B","20",262,31.625,0,1,3.30277562141418,676.5,240,54.2332923581079,0
"20_6B_13","20_6B","20",263,31.75,0,0,NA,676.5,240,0,0
"20_6B_13","20_6B","20",264,31.875,0,0,NA,676.5,240,0,0
"20_6B_13","20_6B","20",265,32,0,0,NA,676.5,240,0,0
"20_6B_13","20_6B","20",266,32.125,0,0,NA,676.5,240,0,0
"20_6B_13","20_6B","20",267,32.25,0,0,NA,676.5,240,0,0
"20_6B_13","20_6B","20",268,32.375,0,0,NA,676.5,240,0,0
"20_6B_13","20_6B","20",269,32.5,0,0,NA,676.5,240,0,0
"20_6B_13","20_6B","20",270,32.625,0,0,NA,676.5,240,0,0
"20_6B_13","20_6B","20",271,32.75,0,0,NA,676.5,240,0,0
"20_6B_13","20_6B","20",272,32.875,0,1,3.16227769851685,676.5,240,0,0
"20_6B_13","20_6B","20",273,33,0,0,NA,676.5,240,0,0
"20_6B_13","20_6B","20",274,33.125,0,0,NA,676.5,240,0,0
"20_6B_13","20_6B","20",275,33.25,0,0,NA,676.5,240,0,0
"20_6B_13","20_6B","20",276,33.375,0,0,NA,676.5,240,0,0
"20_6B_13","20_6B","20",277,33.5,0,0,NA,676.5,240,0,0
"20_6B_13","20_6B","20",278,33.625,0,0,NA,676.5,240,0,0
"20_6B_13","20_6B","20",279,33.75,0,0,NA,676.5,240,0,0
"20_6B_13","20_6B","20",280,33.875,0,0,NA,676.5,240,0,0
"20_6B_13","20_6B","20",281,34,0,0,NA,676.5,240,0,0
"20_6B_13","20_6B","20",282,34.125,0,0,NA,676.5,240,0,0
"20_6B_13","20_6B","20",283,34.25,0,0,NA,676.5,240,0,0
"20_6B_13","20_6B","20",284,34.375,0,0,NA,676.5,240,0,0
"20_6B_13","20_6B","20",285,34.5,0,0,NA,676.5,240,0,0
"20_6B_13","20_6B","20",286,34.625,0,0,NA,676.5,240,0,0
"20_6B_13","20_6B","20",287,34.75,0,0,NA,676.5,240,0,0
"20_6B_13","20_6B","20",288,34.875,0,0,NA,676.5,240,0,0
"20_6B_13","20_6B","20",289,35,0,0,NA,676.5,240,0,0
"20_6B_13","20_6B","20",290,35.125,0,0,NA,676.5,240,0,0
"20_6B_13","20_6B","20",291,35.25,0,0,NA,676.5,240,0,0
"20_6B_13","20_6B","20",292,35.375,0,0,NA,676.5,240,0,0
"20_6B_13","20_6B","20",293,35.5,0,0,NA,676.5,240,0,0
"20_6B_13","20_6B","20",294,35.625,0,0,NA,676.5,240,0,0
"20_6B_13","20_6B","20",295,35.75,0,0,NA,676.5,240,0,0
"20_6B_13","20_6B","20",296,35.875,0,0,NA,676.5,240,0,0
"20_6B_13","20_6B","20",297,36,0,0,NA,676.5,240,0,0
"20_6B_13","20_6B","20",298,36.125,0,0,NA,676.5,240,0,0
"20_6B_13","20_6B","20",299,36.25,0,0,NA,676.5,240,0,0
"20_6B_13","20_6B","20",300,36.375,0,0,NA,676.5,240,0,0
"20_6B_13","20_6B","20",301,36.5,0,0,NA,676.5,240,0,0
"20_6B_13","20_6B","20",302,36.625,0,0,NA,676.5,240,0,0
"20_6B_13","20_6B","20",303,36.75,0,0,NA,676.5,240,0,0
"20_6B_13","20_6B","20",304,36.875,0,0,NA,676.5,240,0,0
"20_6B_13","20_6B","20",305,37,0,0,NA,676.5,240,0,0
"20_6B_13","20_6B","20",306,37.125,0,0,NA,676.5,240,0,0
"20_6B_13","20_6B","20",307,37.25,0,0,NA,676.5,240,0,0
"20_6B_13","20_6B","20",308,37.375,0,0,NA,676.5,240,0,0
"20_6B_13","20_6B","20",309,37.5,0,0,NA,676.5,240,0,0
"20_6B_13","20_6B","20",310,37.625,0,0,NA,676.5,240,0,0
"20_6B_13","20_6B","20",311,37.75,0,0,NA,676.5,240,0,0
"20_6B_13","20_6B","20",312,37.875,0,0,NA,676.5,240,0,0
"20_6B_13","20_6B","20",313,38,0,0,NA,676.5,240,0,0
"20_6B_13","20_6B","20",314,38.125,0,0,NA,676.5,240,0,0
"20_6B_13","20_6B","20",315,38.25,0,0,NA,676.5,240,0,0
"20_6B_13","20_6B","20",316,38.375,0,0,NA,676.5,240,0,0
"20_6B_13","20_6B","20",317,38.5,0,0,NA,676.5,240,0,0
"20_6B_13","20_6B","20",318,38.625,0,0,NA,676.5,240,0,0
"20_6B_13","20_6B","20",319,38.75,0,0,NA,676.5,240,0,0
"20_6B_13","20_6B","20",320,38.875,0,0,NA,676.5,240,0,0
"20_6B_13","20_6B","20",321,39,0,0,NA,676.5,240,0,0
"20_6B_13","20_6B","20",322,39.125,0,0,NA,676.5,240,0,0
"20_6B_13","20_6B","20",323,39.25,0,0,NA,676.5,240,0,0
"20_6B_13","20_6B","20",324,39.375,0,0,NA,676.5,240,0,0
"20_6B_13","20_6B","20",325,39.5,0,0,NA,676.5,240,0,0
"20_6B_13","20_6B","20",326,39.625,0,0,NA,676.5,240,0,0
"20_6B_13","20_6B","20",327,39.75,0,0,NA,676.5,240,0,0
"20_6B_13","20_6B","20",328,39.875,0,0,NA,676.5,240,0,0
"20_6B_13","20_6B","20",329,40,0,0,NA,676.5,240,0,0
"20_6B_13","20_6B","20",330,40.125,0,0,NA,676.5,240,0,0
"20_6B_13","20_6B","20",331,40.25,0,0,NA,676.5,240,0,0
"20_6B_13","20_6B","20",332,40.375,0,0,NA,676.5,240,0,0
"20_6B_13","20_6B","20",333,40.5,0,0,NA,676.5,240,0,0
"20_6B_13","20_6B","20",334,40.625,0,0,NA,676.5,240,0,0
"20_6B_13","20_6B","20",335,40.75,0,0,NA,676.5,240,0,0
"20_6B_13","20_6B","20",336,40.875,0,0,NA,676.5,240,0,0
"20_6B_13","20_6B","20",337,41,0,0,NA,676.5,240,0,0
"20_6B_13","20_6B","20",338,41.125,0,0,NA,676.5,240,0,0
"20_6B_13","20_6B","20",339,41.25,0,0,NA,676.5,240,0,0
"20_6B_13","20_6B","20",340,41.375,0,0,NA,676.5,240,0,0
"20_6B_13","20_6B","20",341,41.5,0,0,NA,676.5,240,0,0
"20_6B_13","20_6B","20",342,41.625,0,0,NA,676.5,240,0,0
"20_6B_13","20_6B","20",343,41.75,0,0,NA,676.5,240,0,0
"20_6B_13","20_6B","20",344,41.875,0,0,NA,676.5,240,0,0
"20_6B_13","20_6B","20",345,42,0,0,NA,676.5,240,0,0
"20_6B_13","20_6B","20",346,42.125,0,0,NA,676.5,240,0,0
"20_6B_13","20_6B","20",347,42.25,0,0,NA,676.5,240,0,0
"20_6B_13","20_6B","20",348,42.375,0,0,NA,676.5,240,0,0
"20_6B_13","20_6B","20",349,42.5,0,0,NA,676.5,240,0,0
"20_6B_13","20_6B","20",350,42.625,0,0,NA,676.5,240,0,0
"20_6B_13","20_6B","20",351,42.75,0,0,NA,676.5,240,0,0
"20_6B_13","20_6B","20",352,42.875,0,0,NA,676.5,240,0,0
"20_6B_13","20_6B","20",353,43,0,0,NA,676.5,240,0,0
"20_6B_13","20_6B","20",354,43.125,0,0,NA,676.5,240,0,0
"20_6B_13","20_6B","20",355,43.25,0,0,NA,676.5,240,0,0
"20_6B_13","20_6B","20",356,43.375,0,0,NA,676.5,240,0,0
"20_6B_13","20_6B","20",357,43.5,0,0,NA,676.5,240,0,0
"20_6B_13","20_6B","20",358,43.625,0,0,NA,676.5,240,0,0
"20_6B_13","20_6B","20",359,43.75,0,0,NA,676.5,240,0,0
"20_6B_13","20_6B","20",360,43.875,0,0,NA,676.5,240,0,0
"20_6B_13","20_6B","20",361,44,0,0,NA,676.5,240,0,0
"20_6B_13","20_6B","20",362,44.125,0,0,NA,676.5,240,0,0
"20_6B_13","20_6B","20",363,44.25,0,0,NA,676.5,240,0,0
"20_6B_13","20_6B","20",364,44.375,0,0,NA,676.5,240,0,0
"20_6B_13","20_6B","20",365,44.5,0,0,NA,676.5,240,0,0
"20_6B_13","20_6B","20",366,44.625,0,0,NA,676.5,240,0,0
"20_6B_13","20_6B","20",367,44.75,0,0,NA,676.5,240,0,0
"20_6B_13","20_6B","20",368,44.875,0,0,NA,676.5,240,0,0
"20_6B_13","20_6B","20",369,45,0,0,NA,676.5,240,0,0
"20_6B_13","20_6B","20",370,45.125,0,0,NA,676.5,240,0,0
"20_6B_13","20_6B","20",371,45.25,0,0,NA,676.5,240,0,0
"20_6B_13","20_6B","20",372,45.375,0,0,NA,676.5,240,0,0
"20_6B_13","20_6B","20",373,45.5,0,0,NA,676.5,240,0,0
"20_6B_13","20_6B","20",374,45.625,0,1,3.61316752433777,658.78,202.63,41.3583764188103,0
"20_6B_13","20_6B","20",375,45.75,0,0,NA,658.78,202.63,0,0
"20_6B_13","20_6B","20",376,45.875,0,0,NA,658.78,202.63,0,0
"20_6B_13","20_6B","20",377,46,0,0,NA,658.78,202.63,0,0
"20_6B_13","20_6B","20",378,46.125,0,0,NA,658.78,202.63,0,0
"20_6B_13","20_6B","20",379,46.25,0,0,NA,658.78,202.63,0,0
"20_6B_13","20_6B","20",380,46.375,0,0,NA,658.78,202.63,0,0
"20_6B_13","20_6B","20",381,46.5,0,0,NA,658.78,202.63,0,0
"20_6B_13","20_6B","20",382,46.625,0,0,NA,658.78,202.63,0,0
"20_6B_13","20_6B","20",383,46.75,0,0,NA,658.78,202.63,0,0
"20_6B_13","20_6B","20",384,46.875,0,0,NA,658.78,202.63,0,0
"20_6B_13","20_6B","20",385,47,0,0,NA,658.78,202.63,0,0
"20_6B_13","20_6B","20",386,47.125,0,0,NA,658.78,202.63,0,0
"20_6B_13","20_6B","20",387,47.25,0,0,NA,658.78,202.63,0,0
"20_6B_13","20_6B","20",388,47.375,0,1,3.16227769851685,658.78,202.63,0,0
"20_6B_13","20_6B","20",389,47.5,0,0,NA,658.78,202.63,0,0
"20_6B_13","20_6B","20",390,47.625,0,0,NA,658.78,202.63,0,0
"20_6B_13","20_6B","20",391,47.75,0,0,NA,658.78,202.63,0,0
"20_6B_13","20_6B","20",392,47.875,0,0,NA,658.78,202.63,0,0
"20_6B_13","20_6B","20",393,48,0,0,NA,658.78,202.63,0,0
"20_6B_13","20_6B","20",394,48.125,0,0,NA,658.78,202.63,0,0
"20_6B_13","20_6B","20",395,48.25,0,0,NA,658.78,202.63,0,0
"20_6B_13","20_6B","20",396,48.375,0,0,NA,658.78,202.63,0,0
"20_6B_13","20_6B","20",397,48.5,0,0,NA,658.78,202.63,0,0
"20_6B_13","20_6B","20",398,48.625,0,1,3.16227769851685,665.5,225.5,23.8368475264663,0
"20_6B_13","20_6B","20",399,48.75,0,0,NA,665.5,225.5,0,0
"20_6B_13","20_6B","20",400,48.875,0,0,NA,665.5,225.5,0,0
"20_6B_13","20_6B","20",401,49,0,0,NA,665.5,225.5,0,0
"20_6B_13","20_6B","20",402,49.125,0,0,NA,665.5,225.5,0,0
"20_6B_13","20_6B","20",403,49.25,0,0,NA,665.5,225.5,0,0
"20_6B_13","20_6B","20",404,49.375,0,0,NA,665.5,225.5,0,0
"20_6B_13","20_6B","20",405,49.5,0,0,NA,665.5,225.5,0,0
"20_6B_13","20_6B","20",406,49.625,0,0,NA,665.5,225.5,0,0
"20_6B_13","20_6B","20",407,49.75,0,0,NA,665.5,225.5,0,0
"20_6B_13","20_6B","20",408,49.875,0,0,NA,665.5,225.5,0,0
"20_6B_13","20_6B","20",409,50,0,0,NA,665.5,225.5,0,0
"20_6B_13","20_6B","20",410,50.125,0,1,4.0511417388916,665.5,225.5,0,0
"20_6B_13","20_6B","20",411,50.25,0,0,NA,665.5,225.5,0,0
"20_6B_13","20_6B","20",412,50.375,0,0,NA,665.5,225.5,0,0
"20_6B_13","20_6B","20",413,50.5,0,0,NA,665.5,225.5,0,0
"20_6B_13","20_6B","20",414,50.625,0,0,NA,665.5,225.5,0,0
"20_6B_13","20_6B","20",415,50.75,0,0,NA,665.5,225.5,0,0
"20_6B_13","20_6B","20",416,50.875,0,0,NA,665.5,225.5,0,0
"20_6B_13","20_6B","20",417,51,0,0,NA,665.5,225.5,0,0
"20_6B_13","20_6B","20",418,51.125,0,0,NA,665.5,225.5,0,0
"20_6B_13","20_6B","20",419,51.25,0,0,NA,665.5,225.5,0,0
"20_6B_13","20_6B","20",420,51.375,0,0,NA,665.5,225.5,0,0
"20_6B_13","20_6B","20",421,51.5,0,0,NA,665.5,225.5,0,0
"20_6B_13","20_6B","20",422,51.625,0,0,NA,665.5,225.5,0,0
"20_6B_13","20_6B","20",423,51.75,0,0,NA,665.5,225.5,0,0
"20_6B_13","20_6B","20",424,51.875,0,0,NA,665.5,225.5,0,0
"20_6B_13","20_6B","20",425,52,0,0,NA,665.5,225.5,0,0
"20_6B_13","20_6B","20",426,52.125,0,0,NA,665.5,225.5,0,0
"20_6B_13","20_6B","20",427,52.25,0,0,NA,665.5,225.5,0,0
"20_6B_13","20_6B","20",428,52.375,0,0,NA,665.5,225.5,0,0
"20_6B_13","20_6B","20",429,52.5,0,0,NA,665.5,225.5,0,0
"20_6B_13","20_6B","20",430,52.625,0,0,NA,665.5,225.5,0,0
"20_6B_13","20_6B","20",431,52.75,0,0,NA,665.5,225.5,0,0
"20_6B_13","20_6B","20",432,52.875,0,0,NA,665.5,225.5,0,0
"20_6B_13","20_6B","20",433,53,0,0,NA,665.5,225.5,0,0
"20_6B_13","20_6B","20",434,53.125,0,0,NA,665.5,225.5,0,0
"20_6B_13","20_6B","20",435,53.25,0,0,NA,665.5,225.5,0,0
"20_6B_13","20_6B","20",436,53.375,0,0,NA,665.5,225.5,0,0
"20_6B_13","20_6B","20",437,53.5,0,0,NA,665.5,225.5,0,0
"20_6B_13","20_6B","20",438,53.625,0,0,NA,665.5,225.5,0,0
"20_6B_13","20_6B","20",439,53.75,0,0,NA,665.5,225.5,0,0
"20_6B_13","20_6B","20",440,53.875,0,0,NA,665.5,225.5,0,0
"20_6B_13","20_6B","20",441,54,0,0,NA,665.5,225.5,0,0
"20_6B_13","20_6B","20",442,54.125,0,0,NA,665.5,225.5,0,0
"20_6B_13","20_6B","20",443,54.25,0,0,NA,665.5,225.5,0,0
"20_6B_13","20_6B","20",444,54.375,0,0,NA,665.5,225.5,0,0
"20_6B_13","20_6B","20",445,54.5,0,0,NA,665.5,225.5,0,0
"20_6B_13","20_6B","20",446,54.625,0,1,3.16227769851685,665.5,225.5,0,0
"20_6B_13","20_6B","20",447,54.75,0,0,NA,665.5,225.5,0,0
"20_6B_13","20_6B","20",448,54.875,0,0,NA,665.5,225.5,0,0
"20_6B_13","20_6B","20",449,55,0,0,NA,665.5,225.5,0,0
"20_6B_13","20_6B","20",450,55.125,0,0,NA,665.5,225.5,0,0
"20_6B_13","20_6B","20",451,55.25,0,0,NA,665.5,225.5,0,0
"20_6B_13","20_6B","20",452,55.375,0,1,3.60555124282837,665.5,225.5,0,0
"20_6B_13","20_6B","20",453,55.5,0,0,NA,665.5,225.5,0,0
"20_6B_13","20_6B","20",454,55.625,0,0,NA,665.5,225.5,0,0
"20_6B_13","20_6B","20",455,55.75,0,0,NA,665.5,225.5,0,0
"20_6B_13","20_6B","20",456,55.875,0,0,NA,665.5,225.5,0,0
"20_6B_13","20_6B","20",457,56,0,0,NA,665.5,225.5,0,0
"20_6B_13","20_6B","20",458,56.125,0,0,NA,665.5,225.5,0,0
"20_6B_13","20_6B","20",459,56.25,0,1,3.60555124282837,665.5,225.5,0,0
"20_6B_13","20_6B","20",460,56.375,0,1,3.10949110984802,665.5,225.5,0,0
"20_6B_13","20_6B","20",461,56.5,0,1,3.16227769851685,665.5,225.5,0,0
"20_6B_13","20_6B","20",462,56.625,0,0,NA,665.5,225.5,0,0
"20_6B_13","20_6B","20",463,56.75,0,0,NA,665.5,225.5,0,0
"20_6B_13","20_6B","20",464,56.875,0,0,NA,665.5,225.5,0,0
"20_6B_13","20_6B","20",465,57,0,0,NA,665.5,225.5,0,0
"20_6B_13","20_6B","20",466,57.125,0,0,NA,665.5,225.5,0,0
"20_6B_13","20_6B","20",467,57.25,0,0,NA,665.5,225.5,0,0
"20_6B_13","20_6B","20",468,57.375,0,0,NA,665.5,225.5,0,0
"20_6B_13","20_6B","20",469,57.5,0,0,NA,665.5,225.5,0,0
"20_6B_13","20_6B","20",470,57.625,0,0,NA,665.5,225.5,0,0
"20_6B_13","20_6B","20",471,57.75,0,0,NA,665.5,225.5,0,0
"20_6B_13","20_6B","20",472,57.875,0,0,NA,665.5,225.5,0,0
"20_6B_13","20_6B","20",473,58,0,0,NA,665.5,225.5,0,0
"20_6B_13","20_6B","20",474,58.125,0,0,NA,665.5,225.5,0,0
"20_6B_13","20_6B","20",475,58.25,0,0,NA,665.5,225.5,0,0
"20_6B_13","20_6B","20",476,58.375,0,0,NA,665.5,225.5,0,0
"20_6B_13","20_6B","20",477,58.5,0,0,NA,665.5,225.5,0,0
"20_6B_13","20_6B","20",478,58.625,0,0,NA,665.5,225.5,0,0
"20_6B_13","20_6B","20",479,58.75,0,0,NA,665.5,225.5,0,0
"20_6B_13","20_6B","20",480,58.875,0,0,NA,665.5,225.5,0,0
"20_6B_13","20_6B","20",481,59,0,1,4.01123428344727,665.5,225.5,0,0
"20_6B_13","20_6B","20",482,59.125,0,0,NA,665.5,225.5,0,0
"20_6B_13","20_6B","20",483,59.25,0,0,NA,665.5,225.5,0,0
"20_6B_13","20_6B","20",484,59.375,0,0,NA,665.5,225.5,0,0
"20_6B_13","20_6B","20",485,59.5,0,1,4.0511417388916,665.5,225.5,0,0
"20_6B_13","20_6B","20",486,59.625,1,1,3.60555124282837,705.5,270,59.8351903147303,0
"20_6B_13","20_6B","20",487,59.75,1,0,NA,705.5,270,0,0
"20_6B_13","20_6B","20",488,59.875,1,1,3.16227769851685,740.5,247.5,41.6082924427331,-1488.75
"20_6B_13","20_6B","20",489,60,1,10,3.65028142929077,706,260,36.6946862638175,-205.900787353516
"20_6B_13","20_6B","20",490,60.125,1,9,3.30277562141418,710.687683105469,256.465942382812,5.87059929980731,-83.9158217832446
"20_6B_13","20_6B","20",491,60.25,1,3,3.60555124282837,704.979858398438,272.639801025391,17.1514712569008,-626.704254478403
"20_6B_13","20_6B","20",492,60.375,1,1,5.4141206741333,676.1,223.7,56.8256134636365,198.472937927244
"20_6B_13","20_6B","20",493,60.5,1,1,5.39913415908813,673.82,220.99,3.54153921339292,0
"20_6B_13","20_6B","20",494,60.625,0,0,NA,673.82,220.99,0,0
"20_6B_13","20_6B","20",495,60.75,0,1,5.5376124382019,673.82,220.99,0,0
"20_6B_13","20_6B","20",496,60.875,0,1,5.5301628112793,673.82,220.99,0,0
"20_6B_13","20_6B","20",497,61,0,1,5,672.5,220,1.65000000000005,0
"20_6B_13","20_6B","20",498,61.125,0,0,NA,672.5,220,0,0
"20_6B_13","20_6B","20",499,61.25,0,1,6.46258497238159,675.64,220.14,3.14311946957158,0
"20_6B_13","20_6B","20",500,61.375,0,2,5.89856863021851,675.64,220.14,0,0
"20_6B_13","20_6B","20",501,61.5,0,0,NA,675.64,220.14,0,0
"20_6B_13","20_6B","20",502,61.625,0,3,3.61316752433777,675.64,220.14,0,0
"20_6B_13","20_6B","20",503,61.75,0,0,NA,675.64,220.14,0,0
"20_6B_13","20_6B","20",504,61.875,0,0,NA,675.64,220.14,0,0
"20_6B_13","20_6B","20",505,62,0,1,4.83736228942871,669.95,219.8,5.70014912085634,1.54470000000043
"20_6B_13","20_6B","20",506,62.125,0,1,4.69213390350342,669.66,220.11,0.424499705535877,-0.0831000000000407
"20_6B_13","20_6B","20",507,62.25,0,1,4.34192895889282,670,220.16,0.343656805548821,0.351800000000024
"20_6B_13","20_6B","20",508,62.375,0,1,4.7646369934082,671.02,220.26,1.0248902380255,-1.06639999999996
"20_6B_13","20_6B","20",509,62.5,0,1,4.4721360206604,670,220,1.05261578935524,0
"20_6B_13","20_6B","20",510,62.625,0,1,4.4721360206604,670,220,0,0
"20_6B_13","20_6B","20",511,62.75,0,1,5.01674652099609,670.2,219.8,0.282842712474643,-1.68000000000015
"20_6B_13","20_6B","20",512,62.875,0,1,5.65685415267944,666,224,5.93969696196702,-1.46999999999987
"20_6B_13","20_6B","20",513,63,0,1,4.89960813522339,666.29,223.94,0.296141857899182,0
"20_6B_13","20_6B","20",514,63.125,0,0,NA,666.29,223.94,0,0
"20_6B_13","20_6B","20",515,63.25,0,1,4.05183553695679,666.67,224,0.384707681233423,-0.0135999999999713
"20_6B_13","20_6B","20",516,63.375,0,1,3.79621624946594,666.59,224.28,0.291204395571202,0
"20_6B_13","20_6B","20",517,63.5,0,1,3.79621624946594,666.59,224.28,0,0
"20_6B_13","20_6B","20",518,63.625,0,1,3.84965634346008,666.7,224.21,0.130384048104061,0
"20_6B_13","20_6B","20",519,63.75,0,0,NA,666.7,224.21,0,0
"20_6B_13","20_6B","20",520,63.875,0,0,NA,666.7,224.21,0,0
"20_6B_13","20_6B","20",521,64,0,0,NA,666.7,224.21,0,0
"20_6B_13","20_6B","20",522,64.125,0,0,NA,666.7,224.21,0,0
"20_6B_13","20_6B","20",523,64.25,0,0,NA,666.7,224.21,0,0
"20_6B_13","20_6B","20",524,64.375,0,0,NA,666.7,224.21,0,0
"20_6B_13","20_6B","20",525,64.5,0,0,NA,666.7,224.21,0,0
"20_6B_13","20_6B","20",526,64.625,0,0,NA,666.7,224.21,0,0
"20_6B_13","20_6B","20",527,64.75,0,0,NA,666.7,224.21,0,0
"20_6B_13","20_6B","20",528,64.875,0,0,NA,666.7,224.21,0,0
"20_6B_13","20_6B","20",529,65,0,0,NA,666.7,224.21,0,0
"20_6B_13","20_6B","20",530,65.125,0,0,NA,666.7,224.21,0,0
"20_6B_13","20_6B","20",531,65.25,0,0,NA,666.7,224.21,0,0
"20_6B_13","20_6B","20",532,65.375,0,0,NA,666.7,224.21,0,0
"20_6B_13","20_6B","20",533,65.5,0,0,NA,666.7,224.21,0,0
"20_6B_13","20_6B","20",534,65.625,0,0,NA,666.7,224.21,0,0
"20_6B_13","20_6B","20",535,65.75,0,0,NA,666.7,224.21,0,0
"20_6B_13","20_6B","20",536,65.875,0,0,NA,666.7,224.21,0,0
"20_6B_13","20_6B","20",537,66,0,0,NA,666.7,224.21,0,0
"20_6B_13","20_6B","20",538,66.125,0,0,NA,666.7,224.21,0,0
"20_6B_13","20_6B","20",539,66.25,0,0,NA,666.7,224.21,0,0
"20_6B_13","20_6B","20",540,66.375,0,0,NA,666.7,224.21,0,0
"20_6B_13","20_6B","20",541,66.5,0,0,NA,666.7,224.21,0,0
"20_6B_13","20_6B","20",542,66.625,0,0,NA,666.7,224.21,0,0
"20_6B_13","20_6B","20",543,66.75,0,0,NA,666.7,224.21,0,0
"20_6B_13","20_6B","20",544,66.875,0,0,NA,666.7,224.21,0,0
"20_6B_13","20_6B","20",545,67,0,0,NA,666.7,224.21,0,0
"20_6B_13","20_6B","20",546,67.125,0,0,NA,666.7,224.21,0,0
"20_6B_13","20_6B","20",547,67.25,0,0,NA,666.7,224.21,0,0
"20_6B_13","20_6B","20",548,67.375,0,0,NA,666.7,224.21,0,0
"20_6B_13","20_6B","20",549,67.5,0,0,NA,666.7,224.21,0,0
"20_6B_13","20_6B","20",550,67.625,0,0,NA,666.7,224.21,0,0
"20_6B_13","20_6B","20",551,67.75,0,0,NA,666.7,224.21,0,0
"20_6B_13","20_6B","20",552,67.875,0,0,NA,666.7,224.21,0,0
"20_6B_13","20_6B","20",553,68,0,0,NA,666.7,224.21,0,0
"20_6B_13","20_6B","20",554,68.125,0,0,NA,666.7,224.21,0,0
"20_6B_13","20_6B","20",555,68.25,0,0,NA,666.7,224.21,0,0
"20_6B_13","20_6B","20",556,68.375,0,0,NA,666.7,224.21,0,0
"20_6B_13","20_6B","20",557,68.5,0,0,NA,666.7,224.21,0,0
"20_6B_13","20_6B","20",558,68.625,0,0,NA,666.7,224.21,0,0
"20_6B_13","20_6B","20",559,68.75,0,0,NA,666.7,224.21,0,0
"20_6B_13","20_6B","20",560,68.875,0,0,NA,666.7,224.21,0,0
"20_6B_13","20_6B","20",561,69,0,0,NA,666.7,224.21,0,0
"20_6B_13","20_6B","20",562,69.125,0,0,NA,666.7,224.21,0,0
"20_6B_13","20_6B","20",563,69.25,0,0,NA,666.7,224.21,0,0
"20_6B_13","20_6B","20",564,69.375,0,0,NA,666.7,224.21,0,0
"20_6B_13","20_6B","20",565,69.5,0,0,NA,666.7,224.21,0,0
"20_6B_13","20_6B","20",566,69.625,0,1,3.10949110984802,666.7,224.21,0,0
"20_6B_13","20_6B","20",567,69.75,0,0,NA,666.7,224.21,0,0
"20_6B_13","20_6B","20",568,69.875,0,0,NA,666.7,224.21,0,0
"20_6B_13","20_6B","20",569,70,0,0,NA,666.7,224.21,0,0
"20_6B_13","20_6B","20",570,70.125,0,0,NA,666.7,224.21,0,0
"20_6B_13","20_6B","20",571,70.25,0,0,NA,666.7,224.21,0,0
"20_6B_13","20_6B","20",572,70.375,0,0,NA,666.7,224.21,0,0
"20_6B_13","20_6B","20",573,70.5,0,0,NA,666.7,224.21,0,0
"20_6B_13","20_6B","20",574,70.625,0,0,NA,666.7,224.21,0,0
"20_6B_13","20_6B","20",575,70.75,0,0,NA,666.7,224.21,0,0
"20_6B_13","20_6B","20",576,70.875,0,0,NA,666.7,224.21,0,0
"20_6B_13","20_6B","20",577,71,0,0,NA,666.7,224.21,0,0
"20_6B_13","20_6B","20",578,71.125,0,0,NA,666.7,224.21,0,0
"20_6B_13","20_6B","20",579,71.25,0,0,NA,666.7,224.21,0,0
"20_6B_13","20_6B","20",580,71.375,0,0,NA,666.7,224.21,0,0
"20_6B_13","20_6B","20",581,71.5,0,0,NA,666.7,224.21,0,0
"20_6B_13","20_6B","20",582,71.625,0,0,NA,666.7,224.21,0,0
"20_6B_13","20_6B","20",583,71.75,0,0,NA,666.7,224.21,0,0
"20_6B_13","20_6B","20",584,71.875,0,0,NA,666.7,224.21,0,0
"20_6B_13","20_6B","20",585,72,0,0,NA,666.7,224.21,0,0
"20_6B_13","20_6B","20",586,72.125,0,0,NA,666.7,224.21,0,0
"20_6B_13","20_6B","20",587,72.25,0,0,NA,666.7,224.21,0,0
"20_6B_13","20_6B","20",588,72.375,0,0,NA,666.7,224.21,0,0
"20_6B_13","20_6B","20",589,72.5,0,0,NA,666.7,224.21,0,0
"20_6B_13","20_6B","20",590,72.625,0,0,NA,666.7,224.21,0,0
"20_6B_13","20_6B","20",591,72.75,0,0,NA,666.7,224.21,0,0
"20_6B_13","20_6B","20",592,72.875,0,0,NA,666.7,224.21,0,0
"20_6B_13","20_6B","20",593,73,0,0,NA,666.7,224.21,0,0
"20_6B_13","20_6B","20",594,73.125,0,0,NA,666.7,224.21,0,0
"20_6B_13","20_6B","20",595,73.25,0,0,NA,666.7,224.21,0,0
"20_6B_13","20_6B","20",596,73.375,0,0,NA,666.7,224.21,0,0
"20_6B_13","20_6B","20",597,73.5,0,0,NA,666.7,224.21,0,0
"20_6B_13","20_6B","20",598,73.625,0,0,NA,666.7,224.21,0,0
"20_6B_13","20_6B","20",599,73.75,0,0,NA,666.7,224.21,0,0
"20_6B_13","20_6B","20",600,73.875,0,0,NA,666.7,224.21,0,0
"20_6B_13","20_6B","20",601,74,0,0,NA,666.7,224.21,0,0
"20_6B_13","20_6B","20",602,74.125,0,0,NA,666.7,224.21,0,0
"20_6B_13","20_6B","20",603,74.25,0,0,NA,666.7,224.21,0,0
"20_6B_13","20_6B","20",604,74.375,0,0,NA,666.7,224.21,0,0
"20_6B_13","20_6B","20",605,74.5,0,0,NA,666.7,224.21,0,0
"20_6B_13","20_6B","20",606,74.625,0,0,NA,666.7,224.21,0,0
"20_6B_13","20_6B","20",607,74.75,0,0,NA,666.7,224.21,0,0
"20_6B_13","20_6B","20",608,74.875,0,0,NA,666.7,224.21,0,0
"20_6B_13","20_6B","20",609,75,0,0,NA,666.7,224.21,0,0
"20_6B_13","20_6B","20",610,75.125,0,0,NA,666.7,224.21,0,0
"20_6B_13","20_6B","20",611,75.25,0,0,NA,666.7,224.21,0,0
"20_6B_13","20_6B","20",612,75.375,0,0,NA,666.7,224.21,0,0
"20_6B_13","20_6B","20",613,75.5,0,0,NA,666.7,224.21,0,0
"20_6B_13","20_6B","20",614,75.625,0,0,NA,666.7,224.21,0,0
"20_6B_13","20_6B","20",615,75.75,0,0,NA,666.7,224.21,0,0
"20_6B_13","20_6B","20",616,75.875,0,0,NA,666.7,224.21,0,0
"20_6B_13","20_6B","20",617,76,0,0,NA,666.7,224.21,0,0
"20_6B_13","20_6B","20",618,76.125,0,0,NA,666.7,224.21,0,0
"20_6B_13","20_6B","20",619,76.25,0,0,NA,666.7,224.21,0,0
"20_6B_13","20_6B","20",620,76.375,0,0,NA,666.7,224.21,0,0
"20_6B_13","20_6B","20",621,76.5,0,0,NA,666.7,224.21,0,0
"20_6B_13","20_6B","20",622,76.625,0,0,NA,666.7,224.21,0,0
"20_6B_13","20_6B","20",623,76.75,0,0,NA,666.7,224.21,0,0
"20_6B_13","20_6B","20",624,76.875,0,0,NA,666.7,224.21,0,0
"20_6B_13","20_6B","20",625,77,0,0,NA,666.7,224.21,0,0
"20_6B_13","20_6B","20",626,77.125,0,0,NA,666.7,224.21,0,0
"20_6B_13","20_6B","20",627,77.25,0,0,NA,666.7,224.21,0,0
"20_6B_13","20_6B","20",628,77.375,0,0,NA,666.7,224.21,0,0
"20_6B_13","20_6B","20",629,77.5,0,0,NA,666.7,224.21,0,0
"20_6B_13","20_6B","20",630,77.625,0,0,NA,666.7,224.21,0,0
"20_6B_13","20_6B","20",631,77.75,0,0,NA,666.7,224.21,0,0
"20_6B_13","20_6B","20",632,77.875,0,0,NA,666.7,224.21,0,0
"20_6B_13","20_6B","20",633,78,0,0,NA,666.7,224.21,0,0
"20_6B_13","20_6B","20",634,78.125,0,0,NA,666.7,224.21,0,0
"20_6B_13","20_6B","20",635,78.25,0,0,NA,666.7,224.21,0,0
"20_6B_13","20_6B","20",636,78.375,0,0,NA,666.7,224.21,0,0
"20_6B_13","20_6B","20",637,78.5,0,0,NA,666.7,224.21,0,0
"20_6B_13","20_6B","20",638,78.625,0,0,NA,666.7,224.21,0,0
"20_6B_13","20_6B","20",639,78.75,0,0,NA,666.7,224.21,0,0
"20_6B_13","20_6B","20",640,78.875,0,0,NA,666.7,224.21,0,0
"20_6B_13","20_6B","20",641,79,0,0,NA,666.7,224.21,0,0
"20_6B_13","20_6B","20",642,79.125,0,0,NA,666.7,224.21,0,0
"20_6B_13","20_6B","20",643,79.25,0,0,NA,666.7,224.21,0,0
"20_6B_13","20_6B","20",644,79.375,0,0,NA,666.7,224.21,0,0
"20_6B_13","20_6B","20",645,79.5,0,0,NA,666.7,224.21,0,0
"20_6B_13","20_6B","20",646,79.625,0,1,3.60555124282837,666.7,224.21,0,0
"20_6B_13","20_6B","20",647,79.75,0,0,NA,666.7,224.21,0,0
"20_6B_13","20_6B","20",648,79.875,0,0,NA,666.7,224.21,0,0
"20_6B_13","20_6B","20",649,80,0,0,NA,666.7,224.21,0,0
"20_6B_13","20_6B","20",650,80.125,0,0,NA,666.7,224.21,0,0
"20_6B_13","20_6B","20",651,80.25,0,0,NA,666.7,224.21,0,0
"20_6B_13","20_6B","20",652,80.375,0,0,NA,666.7,224.21,0,0
"20_6B_13","20_6B","20",653,80.5,0,0,NA,666.7,224.21,0,0
"20_6B_13","20_6B","20",654,80.625,0,0,NA,666.7,224.21,0,0
"20_6B_13","20_6B","20",655,80.75,0,0,NA,666.7,224.21,0,0
"20_6B_13","20_6B","20",656,80.875,0,0,NA,666.7,224.21,0,0
"20_6B_13","20_6B","20",657,81,0,0,NA,666.7,224.21,0,0
"20_6B_13","20_6B","20",658,81.125,0,0,NA,666.7,224.21,0,0
"20_6B_13","20_6B","20",659,81.25,0,0,NA,666.7,224.21,0,0
"20_6B_13","20_6B","20",660,81.375,0,0,NA,666.7,224.21,0,0
"20_6B_13","20_6B","20",661,81.5,0,0,NA,666.7,224.21,0,0
"20_6B_13","20_6B","20",662,81.625,0,0,NA,666.7,224.21,0,0
"20_6B_13","20_6B","20",663,81.75,0,0,NA,666.7,224.21,0,0
"20_6B_13","20_6B","20",664,81.875,0,0,NA,666.7,224.21,0,0
"20_6B_13","20_6B","20",665,82,0,0,NA,666.7,224.21,0,0
"20_6B_13","20_6B","20",666,82.125,0,0,NA,666.7,224.21,0,0
"20_6B_13","20_6B","20",667,82.25,0,0,NA,666.7,224.21,0,0
"20_6B_13","20_6B","20",668,82.375,0,1,3.30277562141418,671.5,168,56.4145734717546,0
"20_6B_13","20_6B","20",669,82.5,0,0,NA,671.5,168,0,0
"20_6B_13","20_6B","20",670,82.625,0,0,NA,671.5,168,0,0
"20_6B_13","20_6B","20",671,82.75,0,0,NA,671.5,168,0,0
"20_6B_13","20_6B","20",672,82.875,0,0,NA,671.5,168,0,0
"20_6B_13","20_6B","20",673,83,0,0,NA,671.5,168,0,0
"20_6B_13","20_6B","20",674,83.125,0,0,NA,671.5,168,0,0
"20_6B_13","20_6B","20",675,83.25,0,0,NA,671.5,168,0,0
"20_6B_13","20_6B","20",676,83.375,0,0,NA,671.5,168,0,0
"20_6B_13","20_6B","20",677,83.5,0,0,NA,671.5,168,0,0
"20_6B_13","20_6B","20",678,83.625,0,0,NA,671.5,168,0,0
"20_6B_13","20_6B","20",679,83.75,0,0,NA,671.5,168,0,0
"20_6B_13","20_6B","20",680,83.875,0,0,NA,671.5,168,0,0
"20_6B_13","20_6B","20",681,84,0,0,NA,671.5,168,0,0
"20_6B_13","20_6B","20",682,84.125,0,0,NA,671.5,168,0,0
"20_6B_13","20_6B","20",683,84.25,0,0,NA,671.5,168,0,0
"20_6B_13","20_6B","20",684,84.375,0,0,NA,671.5,168,0,0
"20_6B_13","20_6B","20",685,84.5,0,0,NA,671.5,168,0,0
"20_6B_13","20_6B","20",686,84.625,0,0,NA,671.5,168,0,0
"20_6B_13","20_6B","20",687,84.75,0,0,NA,671.5,168,0,0
"20_6B_13","20_6B","20",688,84.875,0,0,NA,671.5,168,0,0
"20_6B_13","20_6B","20",689,85,0,0,NA,671.5,168,0,0
"20_6B_13","20_6B","20",690,85.125,0,0,NA,671.5,168,0,0
"20_6B_13","20_6B","20",691,85.25,0,0,NA,671.5,168,0,0
"20_6B_13","20_6B","20",692,85.375,0,0,NA,671.5,168,0,0
"20_6B_13","20_6B","20",693,85.5,0,0,NA,671.5,168,0,0
"20_6B_13","20_6B","20",694,85.625,0,0,NA,671.5,168,0,0
"20_6B_13","20_6B","20",695,85.75,0,0,NA,671.5,168,0,0
"20_6B_13","20_6B","20",696,85.875,0,0,NA,671.5,168,0,0
"20_6B_13","20_6B","20",697,86,0,0,NA,671.5,168,0,0
"20_6B_13","20_6B","20",698,86.125,0,0,NA,671.5,168,0,0
"20_6B_13","20_6B","20",699,86.25,0,0,NA,671.5,168,0,0
"20_6B_13","20_6B","20",700,86.375,0,0,NA,671.5,168,0,0
"20_6B_13","20_6B","20",701,86.5,0,0,NA,671.5,168,0,0
"20_6B_13","20_6B","20",702,86.625,0,0,NA,671.5,168,0,0
"20_6B_13","20_6B","20",703,86.75,0,0,NA,671.5,168,0,0
"20_6B_13","20_6B","20",704,86.875,0,0,NA,671.5,168,0,0
"20_6B_13","20_6B","20",705,87,0,0,NA,671.5,168,0,0
"20_6B_13","20_6B","20",706,87.125,0,0,NA,671.5,168,0,0
"20_6B_13","20_6B","20",707,87.25,0,0,NA,671.5,168,0,0
"20_6B_13","20_6B","20",708,87.375,0,0,NA,671.5,168,0,0
"20_6B_13","20_6B","20",709,87.5,0,0,NA,671.5,168,0,0
"20_6B_13","20_6B","20",710,87.625,0,0,NA,671.5,168,0,0
"20_6B_13","20_6B","20",711,87.75,0,0,NA,671.5,168,0,0
"20_6B_13","20_6B","20",712,87.875,0,0,NA,671.5,168,0,0
"20_6B_13","20_6B","20",713,88,0,0,NA,671.5,168,0,0
"20_6B_13","20_6B","20",714,88.125,0,0,NA,671.5,168,0,0
"20_6B_13","20_6B","20",715,88.25,0,0,NA,671.5,168,0,0
"20_6B_13","20_6B","20",716,88.375,0,0,NA,671.5,168,0,0
"20_6B_13","20_6B","20",717,88.5,0,0,NA,671.5,168,0,0
"20_6B_13","20_6B","20",718,88.625,0,0,NA,671.5,168,0,0
"20_6B_13","20_6B","20",719,88.75,0,0,NA,671.5,168,0,0
"20_6B_13","20_6B","20",720,88.875,0,0,NA,671.5,168,0,0
"20_6B_13","20_6B","20",721,89,0,0,NA,671.5,168,0,0
"20_6B_13","20_6B","20",722,89.125,0,0,NA,671.5,168,0,0
"20_6B_13","20_6B","20",723,89.25,0,0,NA,671.5,168,0,0
"20_6B_13","20_6B","20",724,89.375,0,0,NA,671.5,168,0,0
"20_6B_13","20_6B","20",725,89.5,0,0,NA,671.5,168,0,0
"20_6B_13","20_6B","20",726,89.625,0,0,NA,671.5,168,0,0
"20_6B_13","20_6B","20",727,89.75,0,0,NA,671.5,168,0,0
"20_6B_13","20_6B","20",728,89.875,0,0,NA,671.5,168,0,0
"20_6B_13","20_6B","20",729,90,0,0,NA,671.5,168,0,0
"20_6B_13","20_6B","20",730,90.125,0,0,NA,671.5,168,0,0
"20_6B_13","20_6B","20",731,90.25,0,0,NA,671.5,168,0,0
"20_6B_13","20_6B","20",732,90.375,0,0,NA,671.5,168,0,0
"20_6B_13","20_6B","20",733,90.5,0,0,NA,671.5,168,0,0
"20_6B_13","20_6B","20",734,90.625,0,0,NA,671.5,168,0,0
"20_6B_13","20_6B","20",735,90.75,0,0,NA,671.5,168,0,0
"20_6B_13","20_6B","20",736,90.875,0,0,NA,671.5,168,0,0
"20_6B_13","20_6B","20",737,91,0,0,NA,671.5,168,0,0
"20_6B_13","20_6B","20",738,91.125,0,0,NA,671.5,168,0,0
"20_6B_13","20_6B","20",739,91.25,0,0,NA,671.5,168,0,0
"20_6B_13","20_6B","20",740,91.375,0,0,NA,671.5,168,0,0
"20_6B_13","20_6B","20",741,91.5,0,0,NA,671.5,168,0,0
"20_6B_13","20_6B","20",742,91.625,0,0,NA,671.5,168,0,0
"20_6B_13","20_6B","20",743,91.75,0,0,NA,671.5,168,0,0
"20_6B_13","20_6B","20",744,91.875,0,0,NA,671.5,168,0,0
"20_6B_13","20_6B","20",745,92,0,0,NA,671.5,168,0,0
"20_6B_13","20_6B","20",746,92.125,0,0,NA,671.5,168,0,0
"20_6B_13","20_6B","20",747,92.25,0,0,NA,671.5,168,0,0
"20_6B_13","20_6B","20",748,92.375,0,0,NA,671.5,168,0,0
"20_6B_13","20_6B","20",749,92.5,0,0,NA,671.5,168,0,0
"20_6B_13","20_6B","20",750,92.625,0,0,NA,671.5,168,0,0
"20_6B_13","20_6B","20",751,92.75,0,0,NA,671.5,168,0,0
"20_6B_13","20_6B","20",752,92.875,0,0,NA,671.5,168,0,0
"20_6B_13","20_6B","20",753,93,0,0,NA,671.5,168,0,0
"20_6B_13","20_6B","20",754,93.125,0,0,NA,671.5,168,0,0
"20_6B_13","20_6B","20",755,93.25,0,0,NA,671.5,168,0,0
"20_6B_13","20_6B","20",756,93.375,0,1,3.61316752433777,671.5,168,0,0
"20_6B_13","20_6B","20",757,93.5,0,0,NA,671.5,168,0,0
"20_6B_13","20_6B","20",758,93.625,0,0,NA,671.5,168,0,0
"20_6B_13","20_6B","20",759,93.75,0,0,NA,671.5,168,0,0
"20_6B_13","20_6B","20",760,93.875,0,0,NA,671.5,168,0,0
"20_6B_13","20_6B","20",761,94,0,0,NA,671.5,168,0,0
"20_6B_13","20_6B","20",762,94.125,0,0,NA,671.5,168,0,0
"20_6B_13","20_6B","20",763,94.25,0,0,NA,671.5,168,0,0
"20_6B_13","20_6B","20",764,94.375,0,0,NA,671.5,168,0,0
"20_6B_13","20_6B","20",765,94.5,0,0,NA,671.5,168,0,0
"20_6B_13","20_6B","20",766,94.625,0,0,NA,671.5,168,0,0
"20_6B_13","20_6B","20",767,94.75,0,0,NA,671.5,168,0,0
"20_6B_13","20_6B","20",768,94.875,0,0,NA,671.5,168,0,0
"20_6B_13","20_6B","20",769,95,0,0,NA,671.5,168,0,0
"20_6B_13","20_6B","20",770,95.125,0,0,NA,671.5,168,0,0
"20_6B_13","20_6B","20",771,95.25,0,0,NA,671.5,168,0,0
"20_6B_13","20_6B","20",772,95.375,0,0,NA,671.5,168,0,0
"20_6B_13","20_6B","20",773,95.5,0,0,NA,671.5,168,0,0
"20_6B_13","20_6B","20",774,95.625,0,0,NA,671.5,168,0,0
"20_6B_13","20_6B","20",775,95.75,0,1,3.60555124282837,671.5,168,0,0
"20_6B_13","20_6B","20",776,95.875,0,0,NA,671.5,168,0,0
"20_6B_13","20_6B","20",777,96,0,0,NA,671.5,168,0,0
"20_6B_13","20_6B","20",778,96.125,0,0,NA,671.5,168,0,0
"20_6B_13","20_6B","20",779,96.25,0,0,NA,671.5,168,0,0
"20_6B_13","20_6B","20",780,96.375,0,0,NA,671.5,168,0,0
"20_6B_13","20_6B","20",781,96.5,0,0,NA,671.5,168,0,0
"20_6B_13","20_6B","20",782,96.625,0,0,NA,671.5,168,0,0
"20_6B_13","20_6B","20",783,96.75,0,0,NA,671.5,168,0,0
"20_6B_13","20_6B","20",784,96.875,0,0,NA,671.5,168,0,0
"20_6B_13","20_6B","20",785,97,0,0,NA,671.5,168,0,0
"20_6B_13","20_6B","20",786,97.125,0,0,NA,671.5,168,0,0
"20_6B_13","20_6B","20",787,97.25,0,0,NA,671.5,168,0,0
"20_6B_13","20_6B","20",788,97.375,0,0,NA,671.5,168,0,0
"20_6B_13","20_6B","20",789,97.5,0,0,NA,671.5,168,0,0
"20_6B_13","20_6B","20",790,97.625,0,0,NA,671.5,168,0,0
"20_6B_13","20_6B","20",791,97.75,0,0,NA,671.5,168,0,0
"20_6B_13","20_6B","20",792,97.875,0,0,NA,671.5,168,0,0
"20_6B_13","20_6B","20",793,98,0,0,NA,671.5,168,0,0
"20_6B_13","20_6B","20",794,98.125,0,0,NA,671.5,168,0,0
"20_6B_13","20_6B","20",795,98.25,0,0,NA,671.5,168,0,0
"20_6B_13","20_6B","20",796,98.375,0,0,NA,671.5,168,0,0
"20_6B_13","20_6B","20",797,98.5,0,0,NA,671.5,168,0,0
"20_6B_13","20_6B","20",798,98.625,0,0,NA,671.5,168,0,0
"20_6B_13","20_6B","20",799,98.75,0,0,NA,671.5,168,0,0
"20_6B_13","20_6B","20",800,98.875,0,0,NA,671.5,168,0,0
"20_6B_13","20_6B","20",801,99,0,0,NA,671.5,168,0,0
"20_6B_13","20_6B","20",802,99.125,0,0,NA,671.5,168,0,0
"20_6B_13","20_6B","20",803,99.25,0,0,NA,671.5,168,0,0
"20_6B_13","20_6B","20",804,99.375,0,0,NA,671.5,168,0,0
"20_6B_13","20_6B","20",805,99.5,0,0,NA,671.5,168,0,0
"20_6B_13","20_6B","20",806,99.625,0,0,NA,671.5,168,0,0
"20_6B_13","20_6B","20",807,99.75,0,1,3.61316752433777,671.5,168,0,0
"20_6B_13","20_6B","20",808,99.875,0,0,NA,671.5,168,0,0
"20_6B_13","20_6B","20",809,100,0,0,NA,671.5,168,0,0
"20_6B_13","20_6B","20",810,100.125,0,0,NA,671.5,168,0,0
"20_6B_13","20_6B","20",811,100.25,0,0,NA,671.5,168,0,0
"20_6B_13","20_6B","20",812,100.375,0,0,NA,671.5,168,0,0
"20_6B_13","20_6B","20",813,100.5,0,0,NA,671.5,168,0,0
"20_6B_13","20_6B","20",814,100.625,0,0,NA,671.5,168,0,0
"20_6B_13","20_6B","20",815,100.75,0,0,NA,671.5,168,0,0
"20_6B_13","20_6B","20",816,100.875,0,0,NA,671.5,168,0,0
"20_6B_13","20_6B","20",817,101,0,0,NA,671.5,168,0,0
"20_6B_13","20_6B","20",818,101.125,0,0,NA,671.5,168,0,0
"20_6B_13","20_6B","20",819,101.25,0,0,NA,671.5,168,0,0
"20_6B_13","20_6B","20",820,101.375,0,0,NA,671.5,168,0,0
"20_6B_13","20_6B","20",821,101.5,0,0,NA,671.5,168,0,0
"20_6B_13","20_6B","20",822,101.625,0,0,NA,671.5,168,0,0
"20_6B_13","20_6B","20",823,101.75,0,0,NA,671.5,168,0,0
"20_6B_13","20_6B","20",824,101.875,0,0,NA,671.5,168,0,0
"20_6B_13","20_6B","20",825,102,0,0,NA,671.5,168,0,0
"20_6B_13","20_6B","20",826,102.125,0,0,NA,671.5,168,0,0
"20_6B_13","20_6B","20",827,102.25,0,0,NA,671.5,168,0,0
"20_6B_13","20_6B","20",828,102.375,0,0,NA,671.5,168,0,0
"20_6B_13","20_6B","20",829,102.5,0,0,NA,671.5,168,0,0
"20_6B_13","20_6B","20",830,102.625,0,0,NA,671.5,168,0,0
"20_6B_13","20_6B","20",831,102.75,0,0,NA,671.5,168,0,0
"20_6B_13","20_6B","20",832,102.875,0,1,3.61316752433777,671.5,168,0,0
"20_6B_13","20_6B","20",833,103,0,0,NA,671.5,168,0,0
"20_6B_13","20_6B","20",834,103.125,0,0,NA,671.5,168,0,0
"20_6B_13","20_6B","20",835,103.25,0,0,NA,671.5,168,0,0
"20_6B_13","20_6B","20",836,103.375,0,0,NA,671.5,168,0,0
"20_6B_13","20_6B","20",837,103.5,0,0,NA,671.5,168,0,0
"20_6B_13","20_6B","20",838,103.625,0,0,NA,671.5,168,0,0
"20_6B_13","20_6B","20",839,103.75,0,0,NA,671.5,168,0,0
"20_6B_13","20_6B","20",840,103.875,0,0,NA,671.5,168,0,0
"20_6B_13","20_6B","20",841,104,0,0,NA,671.5,168,0,0
"20_6B_13","20_6B","20",842,104.125,0,0,NA,671.5,168,0,0
"20_6B_13","20_6B","20",843,104.25,0,0,NA,671.5,168,0,0
"20_6B_13","20_6B","20",844,104.375,0,0,NA,671.5,168,0,0
"20_6B_13","20_6B","20",845,104.5,0,0,NA,671.5,168,0,0
"20_6B_13","20_6B","20",846,104.625,0,0,NA,671.5,168,0,0
"20_6B_13","20_6B","20",847,104.75,0,0,NA,671.5,168,0,0
"20_6B_13","20_6B","20",848,104.875,0,0,NA,671.5,168,0,0
"20_6B_13","20_6B","20",849,105,0,0,NA,671.5,168,0,0
"20_6B_13","20_6B","20",850,105.125,0,0,NA,671.5,168,0,0
"20_6B_13","20_6B","20",851,105.25,0,0,NA,671.5,168,0,0
"20_6B_13","20_6B","20",852,105.375,0,0,NA,671.5,168,0,0
"20_6B_13","20_6B","20",853,105.5,0,0,NA,671.5,168,0,0
"20_6B_13","20_6B","20",854,105.625,0,0,NA,671.5,168,0,0
"20_6B_13","20_6B","20",855,105.75,0,0,NA,671.5,168,0,0
"20_6B_13","20_6B","20",856,105.875,0,0,NA,671.5,168,0,0
"20_6B_13","20_6B","20",857,106,0,0,NA,671.5,168,0,0
"20_6B_13","20_6B","20",858,106.125,0,0,NA,671.5,168,0,0
"20_6B_13","20_6B","20",859,106.25,0,0,NA,671.5,168,0,0
"20_6B_13","20_6B","20",860,106.375,0,0,NA,671.5,168,0,0
"20_6B_13","20_6B","20",861,106.5,0,0,NA,671.5,168,0,0
"20_6B_13","20_6B","20",862,106.625,0,0,NA,671.5,168,0,0
"20_6B_13","20_6B","20",863,106.75,0,0,NA,671.5,168,0,0
"20_6B_13","20_6B","20",864,106.875,0,0,NA,671.5,168,0,0
"20_6B_13","20_6B","20",865,107,0,0,NA,671.5,168,0,0
"20_6B_13","20_6B","20",866,107.125,0,0,NA,671.5,168,0,0
"20_6B_13","20_6B","20",867,107.25,0,0,NA,671.5,168,0,0
"20_6B_13","20_6B","20",868,107.375,0,0,NA,671.5,168,0,0
"20_6B_13","20_6B","20",869,107.5,0,0,NA,671.5,168,0,0
"20_6B_13","20_6B","20",870,107.625,0,0,NA,671.5,168,0,0
"20_6B_13","20_6B","20",871,107.75,0,0,NA,671.5,168,0,0
"20_6B_13","20_6B","20",872,107.875,0,0,NA,671.5,168,0,0
"20_6B_13","20_6B","20",873,108,0,0,NA,671.5,168,0,0
"20_6B_13","20_6B","20",874,108.125,0,0,NA,671.5,168,0,0
"20_6B_13","20_6B","20",875,108.25,0,0,NA,671.5,168,0,0
"20_6B_13","20_6B","20",876,108.375,0,0,NA,671.5,168,0,0
"20_6B_13","20_6B","20",877,108.5,0,0,NA,671.5,168,0,0
"20_6B_13","20_6B","20",878,108.625,0,0,NA,671.5,168,0,0
"20_6B_13","20_6B","20",879,108.75,0,0,NA,671.5,168,0,0
"20_6B_13","20_6B","20",880,108.875,0,0,NA,671.5,168,0,0
"20_6B_13","20_6B","20",881,109,0,0,NA,671.5,168,0,0
"20_6B_13","20_6B","20",882,109.125,0,0,NA,671.5,168,0,0
"20_6B_13","20_6B","20",883,109.25,0,0,NA,671.5,168,0,0
"20_6B_13","20_6B","20",884,109.375,0,0,NA,671.5,168,0,0
"20_6B_13","20_6B","20",885,109.5,0,0,NA,671.5,168,0,0
"20_6B_13","20_6B","20",886,109.625,0,0,NA,671.5,168,0,0
"20_6B_13","20_6B","20",887,109.75,0,0,NA,671.5,168,0,0
"20_6B_13","20_6B","20",888,109.875,0,0,NA,671.5,168,0,0
"20_6B_13","20_6B","20",889,110,0,0,NA,671.5,168,0,0
"20_6B_13","20_6B","20",890,110.125,0,0,NA,671.5,168,0,0
"20_6B_13","20_6B","20",891,110.25,0,0,NA,671.5,168,0,0
"20_6B_13","20_6B","20",892,110.375,0,0,NA,671.5,168,0,0
"20_6B_13","20_6B","20",893,110.5,0,0,NA,671.5,168,0,0
"20_6B_13","20_6B","20",894,110.625,0,0,NA,671.5,168,0,0
"20_6B_13","20_6B","20",895,110.75,0,0,NA,671.5,168,0,0
"20_6B_13","20_6B","20",896,110.875,0,0,NA,671.5,168,0,0
"20_6B_13","20_6B","20",897,111,0,0,NA,671.5,168,0,0
"20_6B_13","20_6B","20",898,111.125,0,0,NA,671.5,168,0,0
"20_6B_13","20_6B","20",899,111.25,0,0,NA,671.5,168,0,0
"20_6B_13","20_6B","20",900,111.375,0,0,NA,671.5,168,0,0
"20_6B_13","20_6B","20",901,111.5,0,0,NA,671.5,168,0,0
"20_6B_13","20_6B","20",902,111.625,0,0,NA,671.5,168,0,0
"20_6B_13","20_6B","20",903,111.75,0,0,NA,671.5,168,0,0
"20_6B_13","20_6B","20",904,111.875,0,0,NA,671.5,168,0,0
"20_6B_13","20_6B","20",905,112,0,0,NA,671.5,168,0,0
"20_6B_13","20_6B","20",906,112.125,0,0,NA,671.5,168,0,0
"20_6B_13","20_6B","20",907,112.25,0,0,NA,671.5,168,0,0
"20_6B_13","20_6B","20",908,112.375,0,0,NA,671.5,168,0,0
"20_6B_13","20_6B","20",909,112.5,0,0,NA,671.5,168,0,0
"20_6B_13","20_6B","20",910,112.625,0,0,NA,671.5,168,0,0
"20_6B_13","20_6B","20",911,112.75,0,1,3.61316752433777,671.5,168,0,0
"20_6B_13","20_6B","20",912,112.875,0,0,NA,671.5,168,0,0
"20_6B_13","20_6B","20",913,113,0,0,NA,671.5,168,0,0
"20_6B_13","20_6B","20",914,113.125,0,0,NA,671.5,168,0,0
"20_6B_13","20_6B","20",915,113.25,0,0,NA,671.5,168,0,0
"20_6B_13","20_6B","20",916,113.375,0,0,NA,671.5,168,0,0
"20_6B_13","20_6B","20",917,113.5,0,0,NA,671.5,168,0,0
"20_6B_13","20_6B","20",918,113.625,0,0,NA,671.5,168,0,0
"20_6B_13","20_6B","20",919,113.75,0,0,NA,671.5,168,0,0
"20_6B_13","20_6B","20",920,113.875,0,0,NA,671.5,168,0,0
"20_6B_13","20_6B","20",921,114,0,0,NA,671.5,168,0,0
"20_6B_13","20_6B","20",922,114.125,0,0,NA,671.5,168,0,0
"20_6B_13","20_6B","20",923,114.25,0,0,NA,671.5,168,0,0
"20_6B_13","20_6B","20",924,114.375,0,1,3.16227769851685,689.5,231.5,66.0018939122204,0
"20_6B_13","20_6B","20",925,114.5,0,0,NA,689.5,231.5,0,0
"20_6B_13","20_6B","20",926,114.625,0,0,NA,689.5,231.5,0,0
"20_6B_13","20_6B","20",927,114.75,0,0,NA,689.5,231.5,0,0
"20_6B_13","20_6B","20",928,114.875,0,0,NA,689.5,231.5,0,0
"20_6B_13","20_6B","20",929,115,0,0,NA,689.5,231.5,0,0
"20_6B_13","20_6B","20",930,115.125,0,0,NA,689.5,231.5,0,0
"20_6B_13","20_6B","20",931,115.25,0,0,NA,689.5,231.5,0,0
"20_6B_13","20_6B","20",932,115.375,0,0,NA,689.5,231.5,0,0
"20_6B_13","20_6B","20",933,115.5,0,0,NA,689.5,231.5,0,0
"20_6B_13","20_6B","20",934,115.625,0,0,NA,689.5,231.5,0,0
"20_6B_13","20_6B","20",935,115.75,0,0,NA,689.5,231.5,0,0
"20_6B_13","20_6B","20",936,115.875,0,0,NA,689.5,231.5,0,0
"20_6B_13","20_6B","20",937,116,0,0,NA,689.5,231.5,0,0
"20_6B_13","20_6B","20",938,116.125,0,0,NA,689.5,231.5,0,0
"20_6B_13","20_6B","20",939,116.25,0,0,NA,689.5,231.5,0,0
"20_6B_13","20_6B","20",940,116.375,0,0,NA,689.5,231.5,0,0
"20_6B_13","20_6B","20",941,116.5,0,0,NA,689.5,231.5,0,0
"20_6B_13","20_6B","20",942,116.625,0,0,NA,689.5,231.5,0,0
"20_6B_13","20_6B","20",943,116.75,0,0,NA,689.5,231.5,0,0
"20_6B_13","20_6B","20",944,116.875,0,0,NA,689.5,231.5,0,0
"20_6B_13","20_6B","20",945,117,0,0,NA,689.5,231.5,0,0
"20_6B_13","20_6B","20",946,117.125,0,0,NA,689.5,231.5,0,0
"20_6B_13","20_6B","20",947,117.25,0,0,NA,689.5,231.5,0,0
"20_6B_13","20_6B","20",948,117.375,0,0,NA,689.5,231.5,0,0
"20_6B_13","20_6B","20",949,117.5,0,0,NA,689.5,231.5,0,0
"20_6B_13","20_6B","20",950,117.625,0,0,NA,689.5,231.5,0,0
"20_6B_13","20_6B","20",951,117.75,0,0,NA,689.5,231.5,0,0
"20_6B_13","20_6B","20",952,117.875,0,0,NA,689.5,231.5,0,0
"20_6B_13","20_6B","20",953,118,0,0,NA,689.5,231.5,0,0
"20_6B_13","20_6B","20",954,118.125,0,0,NA,689.5,231.5,0,0
"20_6B_13","20_6B","20",955,118.25,0,0,NA,689.5,231.5,0,0
"20_6B_13","20_6B","20",956,118.375,0,0,NA,689.5,231.5,0,0
"20_6B_13","20_6B","20",957,118.5,0,0,NA,689.5,231.5,0,0
"20_6B_13","20_6B","20",958,118.625,0,0,NA,689.5,231.5,0,0
"20_6B_13","20_6B","20",959,118.75,0,0,NA,689.5,231.5,0,0
"20_6B_13","20_6B","20",960,118.875,0,0,NA,689.5,231.5,0,0
"20_6B_13","20_6B","20",961,119,0,0,NA,689.5,231.5,0,0
"20_6B_13","20_6B","20",962,119.125,0,0,NA,689.5,231.5,0,0
"20_6B_13","20_6B","20",963,119.25,0,0,NA,689.5,231.5,0,0
"20_6B_13","20_6B","20",964,119.375,0,0,NA,689.5,231.5,0,0
"20_6B_13","20_6B","20",965,119.5,0,0,NA,689.5,231.5,0,0
"20_6B_13","20_6B","20",966,119.625,0,0,NA,689.5,231.5,0,0
"20_6B_13","20_6B","20",967,119.75,0,0,NA,689.5,231.5,0,0
"20_6B_13","20_6B","20",968,119.875,0,0,NA,689.5,231.5,0,0
"20_6B_13","20_6B","20",969,120,0,0,NA,689.5,231.5,0,0
"20_6B_13","20_6B","20",970,120.125,0,0,NA,689.5,231.5,0,0
"20_6B_13","20_6B","20",971,120.25,0,0,NA,689.5,231.5,0,0
"20_6B_13","20_6B","20",972,120.375,0,0,NA,689.5,231.5,0,0
"20_6B_13","20_6B","20",973,120.5,0,0,NA,689.5,231.5,0,0
"20_6B_13","20_6B","20",974,120.625,0,0,NA,689.5,231.5,0,0
"20_6B_13","20_6B","20",975,120.75,0,0,NA,689.5,231.5,0,0
"20_6B_13","20_6B","20",976,120.875,0,0,NA,689.5,231.5,0,0
"20_6B_13","20_6B","20",977,121,0,0,NA,689.5,231.5,0,0
"20_6B_13","20_6B","20",978,121.125,0,0,NA,689.5,231.5,0,0
"20_6B_13","20_6B","20",979,121.25,0,0,NA,689.5,231.5,0,0
"20_6B_13","20_6B","20",980,121.375,0,0,NA,689.5,231.5,0,0
"20_6B_13","20_6B","20",981,121.5,0,0,NA,689.5,231.5,0,0
"20_6B_13","20_6B","20",982,121.625,0,0,NA,689.5,231.5,0,0
"20_6B_13","20_6B","20",983,121.75,0,0,NA,689.5,231.5,0,0
"20_6B_13","20_6B","20",984,121.875,0,0,NA,689.5,231.5,0,0
"20_6B_13","20_6B","20",985,122,0,0,NA,689.5,231.5,0,0
"20_6B_13","20_6B","20",986,122.125,0,0,NA,689.5,231.5,0,NA
