"fname","cop_name","plate","frame","sec","drop","blobs","blob_size","x","y","distance","dot_product"
"28_3C_05","28_3C","28",0,-1.375,0,1,3.61316752433777,291.63,325.22,NA,NA
"28_3C_05","28_3C","28",1,-1.25,0,1,3.61316752433777,292.37,325.22,0.740000000000009,0
"28_3C_05","28_3C","28",2,-1.125,0,1,3.61316752433777,292.37,325.22,0,0
"28_3C_05","28_3C","28",3,-1,0,1,3.61316752433777,292.37,325.22,0,0
"28_3C_05","28_3C","28",4,-0.875,0,0,NA,292.37,325.22,0,0
"28_3C_05","28_3C","28",5,-0.75,0,0,NA,292.37,325.22,0,0
"28_3C_05","28_3C","28",6,-0.625,0,0,NA,292.37,325.22,0,0
"28_3C_05","28_3C","28",7,-0.5,0,0,NA,292.37,325.22,0,0
"28_3C_05","28_3C","28",8,-0.375,0,0,NA,292.37,325.22,0,0
"28_3C_05","28_3C","28",9,-0.25,0,0,NA,292.37,325.22,0,0
"28_3C_05","28_3C","28",10,-0.125,0,0,NA,292.37,325.22,0,0
"28_3C_05","28_3C","28",11,0,0,0,NA,292.37,325.22,0,0
"28_3C_05","28_3C","28",12,0.125,0,0,NA,292.37,325.22,0,0
"28_3C_05","28_3C","28",13,0.25,0,0,NA,292.37,325.22,0,0
"28_3C_05","28_3C","28",14,0.375,0,0,NA,292.37,325.22,0,0
"28_3C_05","28_3C","28",15,0.5,0,0,NA,292.37,325.22,0,0
"28_3C_05","28_3C","28",16,0.625,0,0,NA,292.37,325.22,0,0
"28_3C_05","28_3C","28",17,0.75,0,0,NA,292.37,325.22,0,0
"28_3C_05","28_3C","28",18,0.875,0,0,NA,292.37,325.22,0,0
"28_3C_05","28_3C","28",19,1,0,0,NA,292.37,325.22,0,0
"28_3C_05","28_3C","28",20,1.125,0,0,NA,292.37,325.22,0,0
"28_3C_05","28_3C","28",21,1.25,0,0,NA,292.37,325.22,0,0
"28_3C_05","28_3C","28",22,1.375,0,0,NA,292.37,325.22,0,0
"28_3C_05","28_3C","28",23,1.5,0,0,NA,292.37,325.22,0,0
"28_3C_05","28_3C","28",24,1.625,0,0,NA,292.37,325.22,0,0
"28_3C_05","28_3C","28",25,1.75,0,0,NA,292.37,325.22,0,0
"28_3C_05","28_3C","28",26,1.875,0,0,NA,292.37,325.22,0,0
"28_3C_05","28_3C","28",27,2,0,0,NA,292.37,325.22,0,0
"28_3C_05","28_3C","28",28,2.125,0,0,NA,292.37,325.22,0,0
"28_3C_05","28_3C","28",29,2.25,0,0,NA,292.37,325.22,0,0
"28_3C_05","28_3C","28",30,2.375,0,0,NA,292.37,325.22,0,0
"28_3C_05","28_3C","28",31,2.5,0,0,NA,292.37,325.22,0,0
"28_3C_05","28_3C","28",32,2.625,0,0,NA,292.37,325.22,0,0
"28_3C_05","28_3C","28",33,2.75,0,0,NA,292.37,325.22,0,0
"28_3C_05","28_3C","28",34,2.875,0,0,NA,292.37,325.22,0,0
"28_3C_05","28_3C","28",35,3,0,0,NA,292.37,325.22,0,0
"28_3C_05","28_3C","28",36,3.125,0,0,NA,292.37,325.22,0,0
"28_3C_05","28_3C","28",37,3.25,0,1,3.60555124282837,296.5,323,4.68884847270629,-0.0362000000000524
"28_3C_05","28_3C","28",38,3.375,0,1,4.60857009887695,296.76,323.5,0.563560112144211,0
"28_3C_05","28_3C","28",39,3.5,0,0,NA,296.76,323.5,0,0
"28_3C_05","28_3C","28",40,3.625,0,1,3.9712381362915,296.67,323,0.508035431835217,-0.0911999999999847
"28_3C_05","28_3C","28",41,3.75,0,1,4.30334234237671,296.85,323.15,0.23430749027719,0.186299999999999
"28_3C_05","28_3C","28",42,3.875,0,1,3.79621624946594,297.41,323.72,0.799061950038956,0.765799999999998
"28_3C_05","28_3C","28",43,4,0,1,4.62220525741577,297.78,324.7,1.04752088284668,0
"28_3C_05","28_3C","28",44,4.125,0,0,NA,297.78,324.7,0,0
"28_3C_05","28_3C","28",45,4.25,0,1,4.24264049530029,299.5,327.5,3.28609190376656,3.91880000000007
"28_3C_05","28_3C","28",46,4.375,0,1,4.69213390350342,299.89,328.66,1.22380554010841,1.29229999999999
"28_3C_05","28_3C","28",47,4.5,0,1,4.3159761428833,300.14,329.69,1.05990565617886,3.23889999999992
"28_3C_05","28_3C","28",48,4.625,0,1,5.3815541267395,301.23,332.57,3.07936681803257,0.619599999999928
"28_3C_05","28_3C","28",49,4.75,0,1,5.12677526473999,301.27,332.77,0.203960780543693,-0.0448000000000009
"28_3C_05","28_3C","28",50,4.875,0,1,4.24264049530029,301.5,332.5,0.354682957019362,0
"28_3C_05","28_3C","28",51,5,0,1,4.24264049530029,301.5,332.5,0,0
"28_3C_05","28_3C","28",52,5.125,0,1,4.66647243499756,301.44,332.73,0.237697286480112,0.0815000000000075
"28_3C_05","28_3C","28",53,5.25,0,1,5.16139507293701,301.5,333.1,0.374833296279831,0
"28_3C_05","28_3C","28",54,5.375,0,0,NA,301.5,333.1,0,0
"28_3C_05","28_3C","28",55,5.5,0,0,NA,301.5,333.1,0,0
"28_3C_05","28_3C","28",56,5.625,0,0,NA,301.5,333.1,0,0
"28_3C_05","28_3C","28",57,5.75,0,0,NA,301.5,333.1,0,0
"28_3C_05","28_3C","28",58,5.875,0,0,NA,301.5,333.1,0,0
"28_3C_05","28_3C","28",59,6,0,0,NA,301.5,333.1,0,0
"28_3C_05","28_3C","28",60,6.125,0,0,NA,301.5,333.1,0,0
"28_3C_05","28_3C","28",61,6.25,0,0,NA,301.5,333.1,0,0
"28_3C_05","28_3C","28",62,6.375,0,0,NA,301.5,333.1,0,0
"28_3C_05","28_3C","28",63,6.5,0,0,NA,301.5,333.1,0,0
"28_3C_05","28_3C","28",64,6.625,0,0,NA,301.5,333.1,0,0
"28_3C_05","28_3C","28",65,6.75,0,0,NA,301.5,333.1,0,0
"28_3C_05","28_3C","28",66,6.875,0,0,NA,301.5,333.1,0,0
"28_3C_05","28_3C","28",67,7,0,0,NA,301.5,333.1,0,0
"28_3C_05","28_3C","28",68,7.125,0,0,NA,301.5,333.1,0,0
"28_3C_05","28_3C","28",69,7.25,0,0,NA,301.5,333.1,0,0
"28_3C_05","28_3C","28",70,7.375,0,0,NA,301.5,333.1,0,0
"28_3C_05","28_3C","28",71,7.5,0,0,NA,301.5,333.1,0,0
"28_3C_05","28_3C","28",72,7.625,0,0,NA,301.5,333.1,0,0
"28_3C_05","28_3C","28",73,7.75,0,0,NA,301.5,333.1,0,0
"28_3C_05","28_3C","28",74,7.875,0,0,NA,301.5,333.1,0,0
"28_3C_05","28_3C","28",75,8,0,0,NA,301.5,333.1,0,0
"28_3C_05","28_3C","28",76,8.125,0,0,NA,301.5,333.1,0,0
"28_3C_05","28_3C","28",77,8.25,0,0,NA,301.5,333.1,0,0
"28_3C_05","28_3C","28",78,8.375,0,0,NA,301.5,333.1,0,0
"28_3C_05","28_3C","28",79,8.5,0,0,NA,301.5,333.1,0,0
"28_3C_05","28_3C","28",80,8.625,0,0,NA,301.5,333.1,0,0
"28_3C_05","28_3C","28",81,8.75,0,0,NA,301.5,333.1,0,0
"28_3C_05","28_3C","28",82,8.875,0,0,NA,301.5,333.1,0,0
"28_3C_05","28_3C","28",83,9,0,0,NA,301.5,333.1,0,0
"28_3C_05","28_3C","28",84,9.125,0,0,NA,301.5,333.1,0,0
"28_3C_05","28_3C","28",85,9.25,0,0,NA,301.5,333.1,0,0
"28_3C_05","28_3C","28",86,9.375,0,0,NA,301.5,333.1,0,0
"28_3C_05","28_3C","28",87,9.5,0,0,NA,301.5,333.1,0,0
"28_3C_05","28_3C","28",88,9.625,0,0,NA,301.5,333.1,0,0
"28_3C_05","28_3C","28",89,9.75,0,0,NA,301.5,333.1,0,0
"28_3C_05","28_3C","28",90,9.875,0,0,NA,301.5,333.1,0,0
"28_3C_05","28_3C","28",91,10,0,0,NA,301.5,333.1,0,0
"28_3C_05","28_3C","28",92,10.125,0,0,NA,301.5,333.1,0,0
"28_3C_05","28_3C","28",93,10.25,0,0,NA,301.5,333.1,0,0
"28_3C_05","28_3C","28",94,10.375,0,0,NA,301.5,333.1,0,0
"28_3C_05","28_3C","28",95,10.5,0,0,NA,301.5,333.1,0,0
"28_3C_05","28_3C","28",96,10.625,0,0,NA,301.5,333.1,0,0
"28_3C_05","28_3C","28",97,10.75,0,0,NA,301.5,333.1,0,0
"28_3C_05","28_3C","28",98,10.875,0,0,NA,301.5,333.1,0,0
"28_3C_05","28_3C","28",99,11,0,0,NA,301.5,333.1,0,0
"28_3C_05","28_3C","28",100,11.125,0,0,NA,301.5,333.1,0,0
"28_3C_05","28_3C","28",101,11.25,0,0,NA,301.5,333.1,0,0
"28_3C_05","28_3C","28",102,11.375,0,0,NA,301.5,333.1,0,0
"28_3C_05","28_3C","28",103,11.5,0,0,NA,301.5,333.1,0,0
"28_3C_05","28_3C","28",104,11.625,0,0,NA,301.5,333.1,0,0
"28_3C_05","28_3C","28",105,11.75,0,0,NA,301.5,333.1,0,0
"28_3C_05","28_3C","28",106,11.875,0,0,NA,301.5,333.1,0,0
"28_3C_05","28_3C","28",107,12,0,0,NA,301.5,333.1,0,0
"28_3C_05","28_3C","28",108,12.125,0,0,NA,301.5,333.1,0,0
"28_3C_05","28_3C","28",109,12.25,0,0,NA,301.5,333.1,0,0
"28_3C_05","28_3C","28",110,12.375,0,0,NA,301.5,333.1,0,0
"28_3C_05","28_3C","28",111,12.5,0,0,NA,301.5,333.1,0,0
"28_3C_05","28_3C","28",112,12.625,0,0,NA,301.5,333.1,0,0
"28_3C_05","28_3C","28",113,12.75,0,0,NA,301.5,333.1,0,0
"28_3C_05","28_3C","28",114,12.875,0,0,NA,301.5,333.1,0,0
"28_3C_05","28_3C","28",115,13,0,0,NA,301.5,333.1,0,0
"28_3C_05","28_3C","28",116,13.125,0,0,NA,301.5,333.1,0,0
"28_3C_05","28_3C","28",117,13.25,0,0,NA,301.5,333.1,0,0
"28_3C_05","28_3C","28",118,13.375,0,0,NA,301.5,333.1,0,0
"28_3C_05","28_3C","28",119,13.5,0,0,NA,301.5,333.1,0,0
"28_3C_05","28_3C","28",120,13.625,0,0,NA,301.5,333.1,0,0
"28_3C_05","28_3C","28",121,13.75,0,0,NA,301.5,333.1,0,0
"28_3C_05","28_3C","28",122,13.875,0,0,NA,301.5,333.1,0,0
"28_3C_05","28_3C","28",123,14,0,0,NA,301.5,333.1,0,0
"28_3C_05","28_3C","28",124,14.125,0,0,NA,301.5,333.1,0,0
"28_3C_05","28_3C","28",125,14.25,0,0,NA,301.5,333.1,0,0
"28_3C_05","28_3C","28",126,14.375,0,0,NA,301.5,333.1,0,0
"28_3C_05","28_3C","28",127,14.5,0,0,NA,301.5,333.1,0,0
"28_3C_05","28_3C","28",128,14.625,0,0,NA,301.5,333.1,0,0
"28_3C_05","28_3C","28",129,14.75,0,0,NA,301.5,333.1,0,0
"28_3C_05","28_3C","28",130,14.875,0,0,NA,301.5,333.1,0,0
"28_3C_05","28_3C","28",131,15,0,0,NA,301.5,333.1,0,0
"28_3C_05","28_3C","28",132,15.125,0,0,NA,301.5,333.1,0,0
"28_3C_05","28_3C","28",133,15.25,0,0,NA,301.5,333.1,0,0
"28_3C_05","28_3C","28",134,15.375,0,0,NA,301.5,333.1,0,0
"28_3C_05","28_3C","28",135,15.5,0,0,NA,301.5,333.1,0,0
"28_3C_05","28_3C","28",136,15.625,0,1,3.79621624946594,304.59,339.72,7.30564849962,2.44959999999977
"28_3C_05","28_3C","28",137,15.75,0,1,4.48780488967896,304.89,339.95,0.378021163428701,0.697899999999966
"28_3C_05","28_3C","28",138,15.875,0,1,5.16102838516235,306.12,341.38,1.88621313747945,3.75340000000007
"28_3C_05","28_3C","28",139,16,0,1,5.40542221069336,307.23,343.05,2.00524312740378,0.717299999999987
"28_3C_05","28_3C","28",140,16.125,0,1,4.97565937042236,307.47,343.32,0.361247837363761,0
"28_3C_05","28_3C","28",141,16.25,0,0,NA,307.47,343.32,0,0
"28_3C_05","28_3C","28",142,16.375,0,1,5.00174474716187,309.23,345.82,3.05738450313335,5.97759999999999
"28_3C_05","28_3C","28",143,16.5,0,1,5.22496700286865,310.24,347.5,1.96022957839127,0.292399999999926
"28_3C_05","28_3C","28",144,16.625,0,1,5.32956457138062,310.28,347.65,0.155241746962569,0
"28_3C_05","28_3C","28",145,16.75,0,0,NA,310.28,347.65,0,0
"28_3C_05","28_3C","28",146,16.875,0,1,5.23828029632568,310.48,348.12,0.510783711564928,-0.381200000000023
"28_3C_05","28_3C","28",147,17,0,1,4.89098739624023,310.36,347.36,0.769415362466845,-0.503199999999983
"28_3C_05","28_3C","28",148,17.125,0,1,5,310.5,348,0.655133574166352,-0.134799999999998
"28_3C_05","28_3C","28",149,17.25,0,1,5.29156398773193,310.36,347.82,0.228035085019825,-0.0519999999999986
"28_3C_05","28_3C","28",150,17.375,0,1,5,310.5,348,0.228035085019825,-0.0684000000000018
"28_3C_05","28_3C","28",151,17.5,0,1,4.86371183395386,310.32,347.76,0.300000000000011,-0.537600000000023
"28_3C_05","28_3C","28",152,17.625,0,1,5.10565614700317,311.04,349.46,1.84618525614306,0.604799999999984
"28_3C_05","28_3C","28",153,17.75,0,1,4.77487659454346,311.03,349.82,0.360138862107397,0.430799999999966
"28_3C_05","28_3C","28",154,17.875,0,1,5.40542221069336,312.23,351.05,1.71840041899441,0.273899999999965
"28_3C_05","28_3C","28",155,18,0,1,5.16102838516235,312.12,351.38,0.347850542618511,0.500499999999968
"28_3C_05","28_3C","28",156,18.125,0,1,5.30143642425537,312.91,353.16,1.94743420941508,0.549899999999925
"28_3C_05","28_3C","28",157,18.25,0,1,5.38504457473755,312.84,353.5,0.347131099154181,-0.12049999999999
"28_3C_05","28_3C","28",158,18.375,0,1,5.30143642425537,312.91,353.16,0.347131099154181,0.00310000000001937
"28_3C_05","28_3C","28",159,18.5,0,1,4.73271036148071,313.1,353.19,0.192353840616707,-0.0493999999999977
"28_3C_05","28_3C","28",160,18.625,0,1,4.73271036148071,312.9,352.81,0.429418211071695,-0.135000000000017
"28_3C_05","28_3C","28",161,18.75,0,1,5.30143642425537,312.91,353.16,0.350142828000256,0
"28_3C_05","28_3C","28",162,18.875,0,0,NA,312.91,353.16,0,0
"28_3C_05","28_3C","28",163,19,0,1,5.10565614700317,313.04,353.46,0.326955654485393,-0.0381999999999845
"28_3C_05","28_3C","28",164,19.125,0,1,5.10945129394531,313,353.35,0.117046999107163,0.021099999999998
"28_3C_05","28_3C","28",165,19.25,0,1,5.10135412216187,312.83,353.22,0.214009345590337,-0.538400000000008
"28_3C_05","28_3C","28",166,19.375,0,1,4.8228497505188,314.2,355.57,2.72018381731821,6.67269999999996
"28_3C_05","28_3C","28",167,19.5,0,1,4.60857009887695,315.76,357.5,2.48163252718851,0.347400000000014
"28_3C_05","28_3C","28",168,19.625,0,1,4.86371183395386,315.76,357.68,0.180000000000007,0.271800000000009
"28_3C_05","28_3C","28",169,19.75,0,1,5.34262561798096,316.53,359.19,1.69499262535267,0
"28_3C_05","28_3C","28",170,19.875,0,0,NA,316.53,359.19,0,0
"28_3C_05","28_3C","28",171,20,0,0,NA,316.53,359.19,0,0
"28_3C_05","28_3C","28",172,20.125,0,1,5.18792104721069,318.41,362.54,3.84147107238885,0.508299999999843
"28_3C_05","28_3C","28",173,20.25,0,1,5.28005266189575,318.52,362.63,0.14212670403547,0
"28_3C_05","28_3C","28",174,20.375,0,0,NA,318.52,362.63,0,0
"28_3C_05","28_3C","28",175,20.5,0,0,NA,318.52,362.63,0,0
"28_3C_05","28_3C","28",176,20.625,0,1,5.31274223327637,318.25,362.57,0.276586333718769,0.008999999999995
"28_3C_05","28_3C","28",177,20.75,0,1,5.10135412216187,318.17,362.78,0.224722050542418,0
"28_3C_05","28_3C","28",178,20.875,0,1,5.10135412216187,318.17,362.78,0,0
"28_3C_05","28_3C","28",179,21,0,1,5.10135412216187,318.17,362.78,0,0
"28_3C_05","28_3C","28",180,21.125,0,0,NA,318.17,362.78,0,0
"28_3C_05","28_3C","28",181,21.25,0,1,5.4586067199707,318.14,363.02,0.241867732448969,-0.0504000000000106
"28_3C_05","28_3C","28",182,21.375,0,1,5.39225149154663,318.38,362.84,0.300000000000011,0
"28_3C_05","28_3C","28",183,21.5,0,0,NA,318.38,362.84,0,0
"28_3C_05","28_3C","28",184,21.625,0,0,NA,318.38,362.84,0,0
"28_3C_05","28_3C","28",185,21.75,0,1,5.07292318344116,318.32,362.65,0.199248588451711,-0.0594999999999992
"28_3C_05","28_3C","28",186,21.875,0,1,5.4586067199707,318.14,363.02,0.411460812228827,-0.145900000000006
"28_3C_05","28_3C","28",187,22,0,1,5.56816148757935,318.56,362.83,0.460977222864658,0
"28_3C_05","28_3C","28",188,22.125,0,0,NA,318.56,362.83,0,0
"28_3C_05","28_3C","28",189,22.25,0,0,NA,318.56,362.83,0,0
"28_3C_05","28_3C","28",190,22.375,0,1,5.10135412216187,318.17,362.78,0.393192065026738,0
"28_3C_05","28_3C","28",191,22.5,0,1,5.10135412216187,318.17,362.78,0,0
"28_3C_05","28_3C","28",192,22.625,0,1,5.39225149154663,318.38,362.84,0.218403296678396,0
"28_3C_05","28_3C","28",193,22.75,0,1,5.39225149154663,318.38,362.84,0,0
"28_3C_05","28_3C","28",194,22.875,0,1,5.00709676742554,319.23,364.23,1.62929432577425,0.079599999999978
"28_3C_05","28_3C","28",195,23,0,1,5.19188404083252,319.34,364.22,0.110453610171829,0.0645999999999865
"28_3C_05","28_3C","28",196,23.125,0,1,5.10565614700317,320.04,365.46,1.42393820090619,0
"28_3C_05","28_3C","28",197,23.25,0,0,NA,320.04,365.46,0,0
"28_3C_05","28_3C","28",198,23.375,0,1,5.40542221069336,320.23,366.05,0.619838688692499,-0.0748000000000032
"28_3C_05","28_3C","28",199,23.5,0,1,5.20590925216675,320.24,365.92,0.130384048104048,-0.222199999999997
"28_3C_05","28_3C","28",200,23.625,0,1,4.61067152023315,321.29,367.71,2.07523492646011,-0.409099999999943
"28_3C_05","28_3C","28",201,23.75,0,1,5.28005266189575,321.48,367.37,0.389486841882986,-0.783999999999926
"28_3C_05","28_3C","28",202,23.875,0,1,5.05560827255249,323.08,370.57,3.57770876399964,0.384000000000107
"28_3C_05","28_3C","28",203,24,0,1,4.7646369934082,322.98,370.74,0.197230829233157,0.222700000000062
"28_3C_05","28_3C","28",204,24.125,0,1,5.10945129394531,324,372.65,2.16529443725324,-0.420399999999944
"28_3C_05","28_3C","28",205,24.25,0,1,5.25512742996216,323.85,372.51,0.205182845286806,-0.0494999999999895
"28_3C_05","28_3C","28",206,24.375,0,1,4.73271036148071,323.9,372.81,0.304138126514915,-0.0430000000000127
"28_3C_05","28_3C","28",207,24.5,0,1,5.10945129394531,324,372.65,0.188679622641165,-0.0214000000000048
"28_3C_05","28_3C","28",208,24.625,0,1,5.30143642425537,324.09,372.84,0.210237960416274,-0.0441999999999946
"28_3C_05","28_3C","28",209,24.75,0,1,5.10945129394531,324,372.65,0.210237960416274,-0.0441999999999946
"28_3C_05","28_3C","28",210,24.875,0,1,5.30143642425537,324.09,372.84,0.210237960416274,0
"28_3C_05","28_3C","28",211,25,0,1,5.30143642425537,324.09,372.84,0,0
"28_3C_05","28_3C","28",212,25.125,0,1,4.4721360206604,324,373,0.183575597506868,0
"28_3C_05","28_3C","28",213,25.25,0,1,4.4721360206604,324,373,0,0
"28_3C_05","28_3C","28",214,25.375,0,1,4.73271036148071,323.9,372.81,0.214709105535847,-0.0246999999999988
"28_3C_05","28_3C","28",215,25.5,0,1,5.30143642425537,324.09,372.84,0.192353840616707,-0.0122999999999987
"28_3C_05","28_3C","28",216,25.625,0,1,4.4721360206604,324,373,0.183575597506868,-0.0560000000000124
"28_3C_05","28_3C","28",217,25.75,0,1,5.10945129394531,324,372.65,0.350000000000023,-0.0560000000000124
"28_3C_05","28_3C","28",218,25.875,0,1,4.73271036148071,323.9,372.81,0.188679622641165,0
"28_3C_05","28_3C","28",219,26,0,1,4.73271036148071,323.9,372.81,0,0
"28_3C_05","28_3C","28",220,26.125,0,1,5.16102838516235,323.88,372.62,0.191049731745424,-0.0364999999999984
"28_3C_05","28_3C","28",221,26.25,0,1,4.73271036148071,323.9,372.81,0.191049731745424,0
"28_3C_05","28_3C","28",222,26.375,0,1,4.73271036148071,323.9,372.81,0,0
"28_3C_05","28_3C","28",223,26.5,0,1,4.4721360206604,324,373,0.214709105535847,-0.06670000000001
"28_3C_05","28_3C","28",224,26.625,0,1,5.00709676742554,323.77,372.77,0.325269119345838,-0.0897000000000039
"28_3C_05","28_3C","28",225,26.75,0,1,5.30143642425537,324.09,372.84,0.327566787083176,0
"28_3C_05","28_3C","28",226,26.875,0,1,5.30143642425537,324.09,372.84,0,0
"28_3C_05","28_3C","28",227,27,0,1,5,324,372.5,0.351710107901349,-0.123699999999978
"28_3C_05","28_3C","28",228,27.125,0,1,5.30143642425537,324.09,372.84,0.351710107901349,0
"28_3C_05","28_3C","28",229,27.25,0,1,5.30143642425537,324.09,372.84,0,0
"28_3C_05","28_3C","28",230,27.375,0,1,4.4721360206604,324,373,0.183575597506868,-0.0214000000000048
"28_3C_05","28_3C","28",231,27.5,0,1,4.73271036148071,323.9,372.81,0.214709105535847,0
"28_3C_05","28_3C","28",232,27.625,0,1,4.73271036148071,323.9,372.81,0,0
"28_3C_05","28_3C","28",233,27.75,0,1,5.10945129394531,324,372.65,0.188679622641165,-0.0356000000000126
"28_3C_05","28_3C","28",234,27.875,0,1,4.73271036148071,323.9,372.81,0.188679622641165,-0.0142000000000077
"28_3C_05","28_3C","28",235,28,0,1,5.30143642425537,324.09,372.84,0.192353840616707,-0.0410999999999934
"28_3C_05","28_3C","28",236,28.125,0,1,4.46820449829102,323.88,372.8,0.213775583264293,-0.10359999999997
"28_3C_05","28_3C","28",237,28.25,0,1,4.60857009887695,324.24,373.5,0.787146746166173,0
"28_3C_05","28_3C","28",238,28.375,0,0,NA,324.24,373.5,0,0
"28_3C_05","28_3C","28",239,28.5,0,0,NA,324.24,373.5,0,0
"28_3C_05","28_3C","28",240,28.625,0,0,NA,324.24,373.5,0,0
"28_3C_05","28_3C","28",241,28.75,0,0,NA,324.24,373.5,0,0
"28_3C_05","28_3C","28",242,28.875,0,0,NA,324.24,373.5,0,0
"28_3C_05","28_3C","28",243,29,0,0,NA,324.24,373.5,0,0
"28_3C_05","28_3C","28",244,29.125,0,0,NA,324.24,373.5,0,0
"28_3C_05","28_3C","28",245,29.25,0,0,NA,324.24,373.5,0,0
"28_3C_05","28_3C","28",246,29.375,0,0,NA,324.24,373.5,0,0
"28_3C_05","28_3C","28",247,29.5,0,0,NA,324.24,373.5,0,0
"28_3C_05","28_3C","28",248,29.625,0,0,NA,324.24,373.5,0,0
"28_3C_05","28_3C","28",249,29.75,0,0,NA,324.24,373.5,0,0
"28_3C_05","28_3C","28",250,29.875,0,0,NA,324.24,373.5,0,0
"28_3C_05","28_3C","28",251,30,0,0,NA,324.24,373.5,0,0
"28_3C_05","28_3C","28",252,30.125,0,0,NA,324.24,373.5,0,0
"28_3C_05","28_3C","28",253,30.25,0,0,NA,324.24,373.5,0,0
"28_3C_05","28_3C","28",254,30.375,0,0,NA,324.24,373.5,0,0
"28_3C_05","28_3C","28",255,30.5,0,0,NA,324.24,373.5,0,0
"28_3C_05","28_3C","28",256,30.625,0,0,NA,324.24,373.5,0,0
"28_3C_05","28_3C","28",257,30.75,0,0,NA,324.24,373.5,0,0
"28_3C_05","28_3C","28",258,30.875,0,0,NA,324.24,373.5,0,0
"28_3C_05","28_3C","28",259,31,0,0,NA,324.24,373.5,0,0
"28_3C_05","28_3C","28",260,31.125,0,0,NA,324.24,373.5,0,0
"28_3C_05","28_3C","28",261,31.25,0,0,NA,324.24,373.5,0,0
"28_3C_05","28_3C","28",262,31.375,0,0,NA,324.24,373.5,0,0
"28_3C_05","28_3C","28",263,31.5,0,0,NA,324.24,373.5,0,0
"28_3C_05","28_3C","28",264,31.625,0,0,NA,324.24,373.5,0,0
"28_3C_05","28_3C","28",265,31.75,0,0,NA,324.24,373.5,0,0
"28_3C_05","28_3C","28",266,31.875,0,0,NA,324.24,373.5,0,0
"28_3C_05","28_3C","28",267,32,0,0,NA,324.24,373.5,0,0
"28_3C_05","28_3C","28",268,32.125,0,0,NA,324.24,373.5,0,0
"28_3C_05","28_3C","28",269,32.25,0,0,NA,324.24,373.5,0,0
"28_3C_05","28_3C","28",270,32.375,0,0,NA,324.24,373.5,0,0
"28_3C_05","28_3C","28",271,32.5,0,0,NA,324.24,373.5,0,0
"28_3C_05","28_3C","28",272,32.625,0,0,NA,324.24,373.5,0,0
"28_3C_05","28_3C","28",273,32.75,0,0,NA,324.24,373.5,0,0
"28_3C_05","28_3C","28",274,32.875,0,0,NA,324.24,373.5,0,0
"28_3C_05","28_3C","28",275,33,0,0,NA,324.24,373.5,0,0
"28_3C_05","28_3C","28",276,33.125,0,0,NA,324.24,373.5,0,0
"28_3C_05","28_3C","28",277,33.25,0,1,4.4721360206604,325,375,1.68154690686879,0.358600000000015
"28_3C_05","28_3C","28",278,33.375,0,1,4.3159761428833,324.86,375.31,0.340147027033895,0
"28_3C_05","28_3C","28",279,33.5,0,0,NA,324.86,375.31,0,0
"28_3C_05","28_3C","28",280,33.625,0,1,4.60857009887695,325.24,376.5,1.24919974383603,2.07379999999999
"28_3C_05","28_3C","28",281,33.75,0,1,4.4721360206604,326,378,1.68154690686879,-0.13040000000001
"28_3C_05","28_3C","28",282,33.875,0,1,4.89960813522339,325.71,378.06,0.296141857899237,0.0118999999999965
"28_3C_05","28_3C","28",283,34,0,1,4.60857009887695,325.76,378.5,0.44283179650969,0.760600000000001
"28_3C_05","28_3C","28",284,34.125,0,1,4.73271036148071,326.1,380.19,1.72386194342819,0
"28_3C_05","28_3C","28",285,34.25,0,1,4.73271036148071,326.1,380.19,0,0
"28_3C_05","28_3C","28",286,34.375,0,1,4.4721360206604,326,380,0.214709105535847,0
"28_3C_05","28_3C","28",287,34.5,0,1,4.4721360206604,326,380,0,0
"28_3C_05","28_3C","28",288,34.625,0,1,4.4721360206604,326,380,0,0
"28_3C_05","28_3C","28",289,34.75,0,1,4.73271036148071,326.1,380.19,0.214709105535847,0.0232999999999974
"28_3C_05","28_3C","28",290,34.875,0,1,4.64440011978149,326.2,380.26,0.122065556157305,-0.00259999999999641
"28_3C_05","28_3C","28",291,35,0,1,5.00174474716187,326.23,380.18,0.0854400374531708,-0.00729999999999923
"28_3C_05","28_3C","28",292,35.125,0,1,4.64440011978149,326.2,380.26,0.0854400374531708,-0.0228000000000006
"28_3C_05","28_3C","28",293,35.25,0,1,5.19134998321533,326.4,380.05,0.289999999999977,-0.0893999999999818
"28_3C_05","28_3C","28",294,35.375,0,1,4.73271036148071,326.1,380.19,0.33105890714489,-0.0323999999999831
"28_3C_05","28_3C","28",295,35.5,0,1,5.24220037460327,326.32,380.43,0.325576411921981,-0.0672000000000028
"28_3C_05","28_3C","28",296,35.625,0,1,4.64440011978149,326.2,380.26,0.208086520466864,-0.0100000000000045
"28_3C_05","28_3C","28",297,35.75,0,1,5.19188404083252,326.34,380.22,0.145602197785587,-0.03239999999999
"28_3C_05","28_3C","28",298,35.875,0,1,4.73271036148071,326.1,380.19,0.241867732448913,0
"28_3C_05","28_3C","28",299,36,0,1,4.73271036148071,326.1,380.19,0,0
"28_3C_05","28_3C","28",300,36.125,0,1,4.60857009887695,326.24,380.5,0.340147027033895,-0.0800000000000057
"28_3C_05","28_3C","28",301,36.25,0,1,4.64440011978149,326.2,380.26,0.243310501211941,0.044399999999996
"28_3C_05","28_3C","28",302,36.375,0,1,4.89960813522339,326.29,380.06,0.219317121994616,0.0109000000000012
"28_3C_05","28_3C","28",303,36.5,0,1,5.16139507293701,326.5,380.1,0.213775583264303,-0.0398999999999956
"28_3C_05","28_3C","28",304,36.625,0,1,4.95203828811646,326.31,380.1,0.189999999999998,0.0209000000000023
"28_3C_05","28_3C","28",305,36.75,0,1,4.64440011978149,326.2,380.26,0.194164878389457,-0.0217999999999933
"28_3C_05","28_3C","28",306,36.875,0,1,5.19188404083252,326.34,380.22,0.145602197785587,-0.0217999999999365
"28_3C_05","28_3C","28",307,37,0,1,4.89960813522339,326.71,382.06,1.87683243791232,3.04349999999993
"28_3C_05","28_3C","28",308,37.125,0,1,4.62220525741577,326.78,383.7,1.64149322264819,-0.337799999999977
"28_3C_05","28_3C","28",309,37.25,0,1,4.43828248977661,326.64,383.5,0.244131112314657,-0.35039999999998
"28_3C_05","28_3C","28",310,37.375,0,1,4.4721360206604,327,385,1.5425952158619,0.525000000000034
"28_3C_05","28_3C","28",311,37.5,0,1,5.10945129394531,327,385.35,0.350000000000023,0.0804999999999917
"28_3C_05","28_3C","28",312,37.625,0,1,5.00488424301147,326.92,385.58,0.243515913237677,0.159599999999972
"28_3C_05","28_3C","28",313,37.75,0,1,4.69213390350342,327.11,386.34,0.783390068867346,0.243200000000035
"28_3C_05","28_3C","28",314,37.875,0,1,4.69213390350342,327.11,386.66,0.32000000000005,0
"28_3C_05","28_3C","28",315,38,0,1,4.69213390350342,327.11,386.66,0,0
"28_3C_05","28_3C","28",316,38.125,0,1,4.73271036148071,327.1,386.81,0.150332963783706,0.00549999999999454
"28_3C_05","28_3C","28",317,38.25,0,1,4.34192895889282,327,386.84,0.104403065089119,-0.0147
"28_3C_05","28_3C","28",318,38.375,0,1,4.30334234237671,327.15,386.85,0.15033296378371,-0.000466552734371582
"28_3C_05","28_3C","28",319,38.5,0,2,4.30334234237671,327.146667480469,386.853332519531,0.00471289431793482,0.000977544486516005
"28_3C_05","28_3C","28",320,38.625,0,1,4.4721360206604,327,387,0.207419140037997,-0.0660003662109358
"28_3C_05","28_3C","28",321,38.75,0,1,4.69213390350342,327.11,386.66,0.357351367704093,-0.127699999999986
"28_3C_05","28_3C","28",322,38.875,0,1,4.4721360206604,327,387,0.357351367704093,0
"28_3C_05","28_3C","28",323,39,0,1,4.4721360206604,327,387,0,0
"28_3C_05","28_3C","28",324,39.125,0,1,4.73271036148071,327.1,386.81,0.214709105535847,-0.0461000000000037
"28_3C_05","28_3C","28",325,39.25,0,1,4.4721360206604,327,387,0.214709105535847,-0.0535999999999906
"28_3C_05","28_3C","28",326,39.375,0,1,4.69213390350342,326.89,386.66,0.357351367704093,-0.0740999999999954
"28_3C_05","28_3C","28",327,39.5,0,1,4.73271036148071,327.1,386.81,0.258069758011295,0.0164999999999944
"28_3C_05","28_3C","28",328,39.625,0,1,4.30334234237671,327.15,386.85,0.0640312423743058,-0.00789999999999416
"28_3C_05","28_3C","28",329,39.75,0,1,4.34192895889282,327,386.84,0.15033296378371,-0.0357000000000652
"28_3C_05","28_3C","28",330,39.875,0,1,4.3159761428833,327.14,388.31,1.47665161768105,-0.0651000000000186
"28_3C_05","28_3C","28",331,40,0,1,4.64440011978149,327.2,388.26,0.0781024967590756,-0.00960000000000186
"28_3C_05","28_3C","28",332,40.125,0,1,4.60857009887695,327.24,388.5,0.243310501211941,0.010400000000005
"28_3C_05","28_3C","28",333,40.25,0,1,4.24264049530029,327.5,388.5,0.259999999999991,-0.0936000000000003
"28_3C_05","28_3C","28",334,40.375,0,1,4.3159761428833,327.14,388.69,0.407062648740963,-0.0721000000000087
"28_3C_05","28_3C","28",335,40.5,0,1,4.60857009887695,327.24,388.5,0.214709105535847,-0.0461000000000037
"28_3C_05","28_3C","28",336,40.625,0,1,4.3159761428833,327.14,388.69,0.214709105535847,-0.113800000000002
"28_3C_05","28_3C","28",337,40.75,0,1,4.4032998085022,327.1,388.07,0.621288982680365,-0.272200000000001
"28_3C_05","28_3C","28",338,40.875,0,1,4.60857009887695,327.24,388.5,0.452216762183803,0.16530000000001
"28_3C_05","28_3C","28",339,41,0,1,4.4032998085022,327.1,388.93,0.452216762183803,-0.0413999999999866
"28_3C_05","28_3C","28",340,41.125,0,1,4.30334234237671,327.15,388.85,0.0943398113205284,0
"28_3C_05","28_3C","28",341,41.25,0,0,NA,327.15,388.85,0,0
"28_3C_05","28_3C","28",342,41.375,0,1,4.30334234237671,327.15,388.85,0,0
"28_3C_05","28_3C","28",343,41.5,0,0,NA,327.15,388.85,0,0
"28_3C_05","28_3C","28",344,41.625,0,0,NA,327.15,388.85,0,0
"28_3C_05","28_3C","28",345,41.75,0,1,3.61316752433777,327.63,389.22,0.606052802980088,0
"28_3C_05","28_3C","28",346,41.875,0,0,NA,327.63,389.22,0,0
"28_3C_05","28_3C","28",347,42,0,1,3.61316752433777,327.22,389.37,0.436577599058824,-0.0952999999999835
"28_3C_05","28_3C","28",348,42.125,0,1,3.16227769851685,327.5,389.5,0.308706980808636,-0.0952999999999835
"28_3C_05","28_3C","28",349,42.25,0,1,3.61316752433777,327.22,389.37,0.308706980808636,-0.0952999999999835
"28_3C_05","28_3C","28",350,42.375,0,1,3.16227769851685,327.5,389.5,0.308706980808636,-0.0952999999999835
"28_3C_05","28_3C","28",351,42.5,0,1,3.61316752433777,327.22,389.37,0.308706980808636,-0.0141999999999855
"28_3C_05","28_3C","28",352,42.625,0,1,3.72725701332092,327.15,389.63,0.269258240356729,0
"28_3C_05","28_3C","28",353,42.75,0,1,3.72725701332092,327.15,389.63,0,0
"28_3C_05","28_3C","28",354,42.875,0,1,3.94565057754517,327.29,389.84,0.252388589282486,-0.0637000000000035
"28_3C_05","28_3C","28",355,43,0,1,3.72725701332092,327.15,389.63,0.252388589282486,0.0125999999999998
"28_3C_05","28_3C","28",356,43.125,0,1,3.9712381362915,327,389.67,0.155241746962584,-0.0450000000000057
"28_3C_05","28_3C","28",357,43.25,0,1,3.61316752433777,327.22,389.37,0.372021504754791,0
"28_3C_05","28_3C","28",358,43.375,0,1,3.61316752433777,327.22,389.37,0,0
"28_3C_05","28_3C","28",359,43.5,0,1,3.72725701332092,327.15,389.63,0.269258240356729,0
"28_3C_05","28_3C","28",360,43.625,0,0,NA,327.15,389.63,0,0
"28_3C_05","28_3C","28",361,43.75,0,0,NA,327.15,389.63,0,0
"28_3C_05","28_3C","28",362,43.875,0,0,NA,327.15,389.63,0,0
"28_3C_05","28_3C","28",363,44,0,0,NA,327.15,389.63,0,0
"28_3C_05","28_3C","28",364,44.125,0,0,NA,327.15,389.63,0,0
"28_3C_05","28_3C","28",365,44.25,0,0,NA,327.15,389.63,0,0
"28_3C_05","28_3C","28",366,44.375,0,0,NA,327.15,389.63,0,0
"28_3C_05","28_3C","28",367,44.5,0,0,NA,327.15,389.63,0,0
"28_3C_05","28_3C","28",368,44.625,0,0,NA,327.15,389.63,0,0
"28_3C_05","28_3C","28",369,44.75,0,0,NA,327.15,389.63,0,0
"28_3C_05","28_3C","28",370,44.875,0,0,NA,327.15,389.63,0,0
"28_3C_05","28_3C","28",371,45,0,0,NA,327.15,389.63,0,0
"28_3C_05","28_3C","28",372,45.125,0,0,NA,327.15,389.63,0,0
"28_3C_05","28_3C","28",373,45.25,0,0,NA,327.15,389.63,0,0
"28_3C_05","28_3C","28",374,45.375,0,0,NA,327.15,389.63,0,0
"28_3C_05","28_3C","28",375,45.5,0,0,NA,327.15,389.63,0,0
"28_3C_05","28_3C","28",376,45.625,0,0,NA,327.15,389.63,0,0
"28_3C_05","28_3C","28",377,45.75,0,0,NA,327.15,389.63,0,0
"28_3C_05","28_3C","28",378,45.875,0,0,NA,327.15,389.63,0,0
"28_3C_05","28_3C","28",379,46,0,0,NA,327.15,389.63,0,0
"28_3C_05","28_3C","28",380,46.125,0,0,NA,327.15,389.63,0,0
"28_3C_05","28_3C","28",381,46.25,0,0,NA,327.15,389.63,0,0
"28_3C_05","28_3C","28",382,46.375,0,0,NA,327.15,389.63,0,0
"28_3C_05","28_3C","28",383,46.5,0,0,NA,327.15,389.63,0,0
"28_3C_05","28_3C","28",384,46.625,0,0,NA,327.15,389.63,0,0
"28_3C_05","28_3C","28",385,46.75,0,0,NA,327.15,389.63,0,0
"28_3C_05","28_3C","28",386,46.875,0,0,NA,327.15,389.63,0,0
"28_3C_05","28_3C","28",387,47,0,0,NA,327.15,389.63,0,0
"28_3C_05","28_3C","28",388,47.125,0,0,NA,327.15,389.63,0,0
"28_3C_05","28_3C","28",389,47.25,0,0,NA,327.15,389.63,0,0
"28_3C_05","28_3C","28",390,47.375,0,0,NA,327.15,389.63,0,0
"28_3C_05","28_3C","28",391,47.5,0,0,NA,327.15,389.63,0,0
"28_3C_05","28_3C","28",392,47.625,0,0,NA,327.15,389.63,0,0
"28_3C_05","28_3C","28",393,47.75,0,0,NA,327.15,389.63,0,0
"28_3C_05","28_3C","28",394,47.875,0,0,NA,327.15,389.63,0,0
"28_3C_05","28_3C","28",395,48,0,0,NA,327.15,389.63,0,0
"28_3C_05","28_3C","28",396,48.125,0,0,NA,327.15,389.63,0,0
"28_3C_05","28_3C","28",397,48.25,0,0,NA,327.15,389.63,0,0
"28_3C_05","28_3C","28",398,48.375,0,1,3.61316752433777,327.22,391.37,1.74140747672681,0.50660000000001
"28_3C_05","28_3C","28",399,48.5,0,1,3.9712381362915,327,391.67,0.372021504754791,0.273200000000011
"28_3C_05","28_3C","28",400,48.625,0,1,3.79621624946594,326.59,392.28,0.734982993000496,-0.137600000000016
"28_3C_05","28_3C","28",401,48.75,0,1,3.9712381362915,327,392.33,0.413037528561294,-0.00849999999999989
"28_3C_05","28_3C","28",402,48.875,0,1,4.34192895889282,327,392.16,0.169999999999959,-0.0101999999999979
"28_3C_05","28_3C","28",403,49,0,1,3.61316752433777,326.63,392.22,0.374833296279831,-0.0165000000000132
"28_3C_05","28_3C","28",404,49.125,0,1,3.57600021362305,326.72,392.5,0.294108823397039,-0.0862999999999931
"28_3C_05","28_3C","28",405,49.25,0,1,4.30334234237671,326.85,392.15,0.373363094051909,-0.506100000000044
"28_3C_05","28_3C","28",406,49.375,0,1,3.60555124282837,327.13,393.7,1.5750872991679,-1.89639999999999
"28_3C_05","28_3C","28",407,49.5,0,1,3.60555124282837,327,392.5,1.20702112657566,0
"28_3C_05","28_3C","28",408,49.625,0,0,NA,327,392.5,0,0
"28_3C_05","28_3C","28",409,49.75,0,1,4.60857009887695,326.5,392.76,0.563560112144211,1.3098
"28_3C_05","28_3C","28",410,49.875,0,1,5.4181113243103,324.26,393.49,2.355949914578,1.15529999999997
"28_3C_05","28_3C","28",411,50,0,1,5.5619044303894,323.93,394.06,0.658634952002991,0.0956999999999913
"28_3C_05","28_3C","28",412,50.125,0,1,6.04156351089478,324.02,394.28,0.237697286480057,-0.0564999999999825
"28_3C_05","28_3C","28",413,50.25,0,1,5.5619044303894,323.93,394.06,0.237697286480057,0.0490999999999948
"28_3C_05","28_3C","28",414,50.375,0,1,5.41405010223389,324.02,393.8,0.275136329843935,-0.103199999999991
"28_3C_05","28_3C","28",415,50.5,0,1,5.61903762817383,323.74,394.1,0.410365690573654,0
"28_3C_05","28_3C","28",416,50.625,0,0,NA,323.74,394.1,0,0
"28_3C_05","28_3C","28",417,50.75,0,1,5.10135412216187,323.83,393.78,0.332415402771935,-0.0229000000000152
"28_3C_05","28_3C","28",418,50.875,0,1,5.47057342529297,323.86,393.86,0.085440037453224,0
"28_3C_05","28_3C","28",419,51,0,0,NA,323.86,393.86,0,0
"28_3C_05","28_3C","28",420,51.125,0,0,NA,323.86,393.86,0,0
"28_3C_05","28_3C","28",421,51.25,0,1,5.3722243309021,322.36,393.51,1.54029218007494,0
"28_3C_05","28_3C","28",422,51.375,0,0,NA,322.36,393.51,0,0
"28_3C_05","28_3C","28",423,51.5,0,1,5.13444757461548,319.8,393.54,2.56017577521545,7.15660000000002
"28_3C_05","28_3C","28",424,51.625,0,1,4.34192895889282,317,393.16,2.82566806260043,4.39039999999995
"28_3C_05","28_3C","28",425,51.75,0,1,5.11349201202393,315.47,392.88,1.55540991381691,0.196100000000079
"28_3C_05","28_3C","28",426,51.875,0,1,4.69213390350342,315.34,392.89,0.130384048104104,0.213400000000084
"28_3C_05","28_3C","28",427,52,0,1,5.09232473373413,313.7,392.91,1.64012194668566,0.0651999999999382
"28_3C_05","28_3C","28",428,52.125,0,1,4.69213390350342,313.66,392.89,0.0447213595499805,0
"28_3C_05","28_3C","28",429,52.25,0,0,NA,313.66,392.89,0,0
"28_3C_05","28_3C","28",430,52.375,0,1,5,313.5,393,0.194164878389504,0
"28_3C_05","28_3C","28",431,52.5,0,0,NA,313.5,393,0,0
"28_3C_05","28_3C","28",432,52.625,0,1,5,313.5,393,0,0
"28_3C_05","28_3C","28",433,52.75,0,1,4.69213390350342,313.34,392.89,0.194164878389504,-0.0137000000000109
"28_3C_05","28_3C","28",434,52.875,0,1,5.10945129394531,313.35,393,0.110453610171891,-0.0351000000000521
"28_3C_05","28_3C","28",435,53,0,1,5.3108286857605,312.37,392.77,1.00662803457883,0.475499999999995
"28_3C_05","28_3C","28",436,53.125,0,1,5.15573596954346,311.92,392.62,0.474341649025239,0.544499999999995
"28_3C_05","28_3C","28",437,53.25,0,1,5.40006923675537,310.69,392.68,1.23146254510645,-0.392100000000009
"28_3C_05","28_3C","28",438,53.375,0,1,4.56155300140381,311,392.5,0.358468966578704,-0.0649999999999977
"28_3C_05","28_3C","28",439,53.5,0,1,5.38516473770142,310.5,392,0.707106781186548,-0.575000000000017
"28_3C_05","28_3C","28",440,53.625,0,1,4.53098201751709,311.23,392.42,0.842199501305979,-0.64320000000005
"28_3C_05","28_3C","28",441,53.75,0,1,5.51062393188477,310.51,392.14,0.772528316633155,-0.396800000000046
"28_3C_05","28_3C","28",442,53.875,0,1,4.49543762207031,311.1,392.04,0.598414572015113,-0.277600000000007
"28_3C_05","28_3C","28",443,54,0,1,5.19188404083252,310.66,392.22,0.475394572960189,-0.0219999999999799
"28_3C_05","28_3C","28",444,54.125,0,1,4.69213390350342,310.89,392.66,0.496487663492236,-0.220800000000008
"28_3C_05","28_3C","28",445,54.25,0,1,5.61030435562134,310.81,392.2,0.466904701197183,0.0441999999999997
"28_3C_05","28_3C","28",446,54.375,0,1,5.07377624511719,311.12,392.05,0.344383507154443,-0.259399999999998
"28_3C_05","28_3C","28",447,54.5,0,1,5.45183372497559,310.38,392.25,0.766550715869478,-0.0547999999999822
"28_3C_05","28_3C","28",448,54.625,0,1,5.19134998321533,310.4,392.05,0.200997512422405,-0.118799999999987
"28_3C_05","28_3C","28",449,54.75,0,1,4.89098739624023,310.36,392.64,0.591354377678873,-0.978900000000035
"28_3C_05","28_3C","28",450,54.875,0,1,5.62096214294434,307.84,390.81,3.11436992022466,4.23929999999993
"28_3C_05","28_3C","28",451,55,0,1,4.85450744628906,306.47,390.38,1.4358969322343,4.0430999999999
"28_3C_05","28_3C","28",452,55.125,0,1,5.66046094894409,303.93,389.07,2.85791882319987,1.18390000000002
"28_3C_05","28_3C","28",453,55.25,0,1,5,303.5,389,0.435660418215845,0
"28_3C_05","28_3C","28",454,55.375,0,1,5,303.5,389,0,0
"28_3C_05","28_3C","28",455,55.5,0,1,5.11349201202393,303.53,389.12,0.123693168768528,0.00780000000000059
"28_3C_05","28_3C","28",456,55.625,0,1,5.11705350875854,303.63,389.16,0.107703296142719,-0.0194000000000068
"28_3C_05","28_3C","28",457,55.75,0,1,5,303.5,389,0.2061552812809,0
"28_3C_05","28_3C","28",458,55.875,0,1,5,303.5,389,0,0
"28_3C_05","28_3C","28",459,56,0,1,5,303.5,389,0,0
"28_3C_05","28_3C","28",460,56.125,0,1,5,303.5,389,0,0
"28_3C_05","28_3C","28",461,56.25,0,1,5.11349201202393,303.47,388.88,0.123693168768528,-0.0152999999999995
"28_3C_05","28_3C","28",462,56.375,0,1,5,303.5,389,0.123693168768528,0
"28_3C_05","28_3C","28",463,56.5,0,1,5,303.5,389,0,0
"28_3C_05","28_3C","28",464,56.625,0,0,NA,303.5,389,0,0
"28_3C_05","28_3C","28",465,56.75,0,0,NA,303.5,389,0,0
"28_3C_05","28_3C","28",466,56.875,0,1,5.95469379425049,303.82,389.03,0.321403173599755,-0.119299999999997
"28_3C_05","28_3C","28",467,57,0,1,5.08031606674194,303.45,389,0.371214223865414,-0.0723879394531256
"28_3C_05","28_3C","28",468,57.125,0,2,5.11705350875854,303.632476806641,389.162384033203,0.244266983444504,0
"28_3C_05","28_3C","28",469,57.25,0,0,NA,303.632476806641,389.162384033203,0,0
"28_3C_05","28_3C","28",470,57.375,0,0,NA,303.632476806641,389.162384033203,0,0
"28_3C_05","28_3C","28",471,57.5,0,1,5.47819709777832,303.64,389.26,0.097905441176725,-0.0122349731445321
"28_3C_05","28_3C","28",472,57.625,0,1,6.19058275222778,303.96,389.11,0.35341194094143,-0.177799999999976
"28_3C_05","28_3C","28",473,57.75,0,1,5.53155136108398,303.47,389.25,0.509607692249587,-0.047599999999968
"28_3C_05","28_3C","28",474,57.875,0,1,5.11349201202393,303.53,389.12,0.143178210632737,0.00480000000001287
"28_3C_05","28_3C","28",475,58,0,1,5.10945129394531,303.35,389,0.2163330765278,0
"28_3C_05","28_3C","28",476,58.125,0,0,NA,303.35,389,0,0
"28_3C_05","28_3C","28",477,58.25,0,0,NA,303.35,389,0,0
"28_3C_05","28_3C","28",478,58.375,0,1,5,303.5,389,0.149999999999977,0.0194999999999964
"28_3C_05","28_3C","28",479,58.5,0,1,5.11705350875854,303.63,389.16,0.2061552812809,-0.0271999999999994
"28_3C_05","28_3C","28",480,58.625,0,1,5.11349201202393,303.47,389.12,0.164924225024681,-0.0247999999999981
"28_3C_05","28_3C","28",481,58.75,0,1,5.29266786575317,303.56,389.38,0.275136329843935,-0.0882999999999912
"28_3C_05","28_3C","28",482,58.875,0,1,5.10167217254639,303.33,389.12,0.347131099154201,-0.00790000000000666
"28_3C_05","28_3C","28",483,59,0,1,5,303.5,389,0.208086520466864,0
"28_3C_05","28_3C","28",484,59.125,0,1,5,303.5,389,0,0
"28_3C_05","28_3C","28",485,59.25,0,1,3.60555124282837,303.5,389,0,0
"28_3C_05","28_3C","28",486,59.375,0,0,NA,303.5,389,0,0
"28_3C_05","28_3C","28",487,59.5,0,0,NA,303.5,389,0,0
"28_3C_05","28_3C","28",488,59.625,1,2,3.60555124282837,354.5,309,94.8736001214247,0
"28_3C_05","28_3C","28",489,59.75,1,0,NA,354.5,309,0,0
"28_3C_05","28_3C","28",490,59.875,1,0,NA,354.5,309,0,0
"28_3C_05","28_3C","28",491,60,1,4,3.61316752433777,286.56,395.85,110.26679509263,-1871.79545668946
"28_3C_05","28_3C","28",492,60.125,1,2,4.27798509597778,296.746673583984,382.266662597656,16.9786740852328,3.89521312385035
"28_3C_05","28_3C","28",493,60.25,1,1,3.9712381362915,295,380.67,2.36647418319811,0
"28_3C_05","28_3C","28",494,60.375,1,0,NA,295,380.67,0,0
"28_3C_05","28_3C","28",495,60.5,1,0,NA,295,380.67,0,0
"28_3C_05","28_3C","28",496,60.625,0,0,NA,295,380.67,0,0
"28_3C_05","28_3C","28",497,60.75,0,0,NA,295,380.67,0,0
"28_3C_05","28_3C","28",498,60.875,0,0,NA,295,380.67,0,0
"28_3C_05","28_3C","28",499,61,0,0,NA,295,380.67,0,0
"28_3C_05","28_3C","28",500,61.125,0,0,NA,295,380.67,0,0
"28_3C_05","28_3C","28",501,61.25,0,0,NA,295,380.67,0,0
"28_3C_05","28_3C","28",502,61.375,0,0,NA,295,380.67,0,0
"28_3C_05","28_3C","28",503,61.5,0,0,NA,295,380.67,0,0
"28_3C_05","28_3C","28",504,61.625,0,0,NA,295,380.67,0,0
"28_3C_05","28_3C","28",505,61.75,0,0,NA,295,380.67,0,0
"28_3C_05","28_3C","28",506,61.875,0,0,NA,295,380.67,0,0
"28_3C_05","28_3C","28",507,62,0,0,NA,295,380.67,0,0
"28_3C_05","28_3C","28",508,62.125,0,0,NA,295,380.67,0,0
"28_3C_05","28_3C","28",509,62.25,0,0,NA,295,380.67,0,0
"28_3C_05","28_3C","28",510,62.375,0,0,NA,295,380.67,0,0
"28_3C_05","28_3C","28",511,62.5,0,0,NA,295,380.67,0,0
"28_3C_05","28_3C","28",512,62.625,0,0,NA,295,380.67,0,0
"28_3C_05","28_3C","28",513,62.75,0,0,NA,295,380.67,0,0
"28_3C_05","28_3C","28",514,62.875,0,0,NA,295,380.67,0,0
"28_3C_05","28_3C","28",515,63,0,0,NA,295,380.67,0,0
"28_3C_05","28_3C","28",516,63.125,0,0,NA,295,380.67,0,0
"28_3C_05","28_3C","28",517,63.25,0,0,NA,295,380.67,0,0
"28_3C_05","28_3C","28",518,63.375,0,0,NA,295,380.67,0,0
"28_3C_05","28_3C","28",519,63.5,0,0,NA,295,380.67,0,0
"28_3C_05","28_3C","28",520,63.625,0,0,NA,295,380.67,0,0
"28_3C_05","28_3C","28",521,63.75,0,0,NA,295,380.67,0,0
"28_3C_05","28_3C","28",522,63.875,0,0,NA,295,380.67,0,0
"28_3C_05","28_3C","28",523,64,0,0,NA,295,380.67,0,0
"28_3C_05","28_3C","28",524,64.125,0,0,NA,295,380.67,0,0
"28_3C_05","28_3C","28",525,64.25,0,0,NA,295,380.67,0,0
"28_3C_05","28_3C","28",526,64.375,0,0,NA,295,380.67,0,0
"28_3C_05","28_3C","28",527,64.5,0,0,NA,295,380.67,0,0
"28_3C_05","28_3C","28",528,64.625,0,0,NA,295,380.67,0,0
"28_3C_05","28_3C","28",529,64.75,0,0,NA,295,380.67,0,0
"28_3C_05","28_3C","28",530,64.875,0,0,NA,295,380.67,0,0
"28_3C_05","28_3C","28",531,65,0,0,NA,295,380.67,0,0
"28_3C_05","28_3C","28",532,65.125,0,0,NA,295,380.67,0,0
"28_3C_05","28_3C","28",533,65.25,0,0,NA,295,380.67,0,0
"28_3C_05","28_3C","28",534,65.375,0,0,NA,295,380.67,0,0
"28_3C_05","28_3C","28",535,65.5,0,0,NA,295,380.67,0,0
"28_3C_05","28_3C","28",536,65.625,0,0,NA,295,380.67,0,0
"28_3C_05","28_3C","28",537,65.75,0,0,NA,295,380.67,0,0
"28_3C_05","28_3C","28",538,65.875,0,0,NA,295,380.67,0,0
"28_3C_05","28_3C","28",539,66,0,0,NA,295,380.67,0,0
"28_3C_05","28_3C","28",540,66.125,0,0,NA,295,380.67,0,0
"28_3C_05","28_3C","28",541,66.25,0,0,NA,295,380.67,0,0
"28_3C_05","28_3C","28",542,66.375,0,0,NA,295,380.67,0,0
"28_3C_05","28_3C","28",543,66.5,0,0,NA,295,380.67,0,0
"28_3C_05","28_3C","28",544,66.625,0,0,NA,295,380.67,0,0
"28_3C_05","28_3C","28",545,66.75,0,0,NA,295,380.67,0,0
"28_3C_05","28_3C","28",546,66.875,0,0,NA,295,380.67,0,0
"28_3C_05","28_3C","28",547,67,0,0,NA,295,380.67,0,0
"28_3C_05","28_3C","28",548,67.125,0,0,NA,295,380.67,0,0
"28_3C_05","28_3C","28",549,67.25,0,0,NA,295,380.67,0,0
"28_3C_05","28_3C","28",550,67.375,0,0,NA,295,380.67,0,0
"28_3C_05","28_3C","28",551,67.5,0,0,NA,295,380.67,0,0
"28_3C_05","28_3C","28",552,67.625,0,0,NA,295,380.67,0,0
"28_3C_05","28_3C","28",553,67.75,0,0,NA,295,380.67,0,0
"28_3C_05","28_3C","28",554,67.875,0,0,NA,295,380.67,0,0
"28_3C_05","28_3C","28",555,68,0,0,NA,295,380.67,0,0
"28_3C_05","28_3C","28",556,68.125,0,0,NA,295,380.67,0,0
"28_3C_05","28_3C","28",557,68.25,0,0,NA,295,380.67,0,0
"28_3C_05","28_3C","28",558,68.375,0,0,NA,295,380.67,0,0
"28_3C_05","28_3C","28",559,68.5,0,0,NA,295,380.67,0,0
"28_3C_05","28_3C","28",560,68.625,0,0,NA,295,380.67,0,0
"28_3C_05","28_3C","28",561,68.75,0,0,NA,295,380.67,0,0
"28_3C_05","28_3C","28",562,68.875,0,0,NA,295,380.67,0,0
"28_3C_05","28_3C","28",563,69,0,0,NA,295,380.67,0,0
"28_3C_05","28_3C","28",564,69.125,0,0,NA,295,380.67,0,0
"28_3C_05","28_3C","28",565,69.25,0,0,NA,295,380.67,0,0
"28_3C_05","28_3C","28",566,69.375,0,0,NA,295,380.67,0,0
"28_3C_05","28_3C","28",567,69.5,0,0,NA,295,380.67,0,0
"28_3C_05","28_3C","28",568,69.625,0,0,NA,295,380.67,0,0
"28_3C_05","28_3C","28",569,69.75,0,0,NA,295,380.67,0,0
"28_3C_05","28_3C","28",570,69.875,0,0,NA,295,380.67,0,0
"28_3C_05","28_3C","28",571,70,0,0,NA,295,380.67,0,0
"28_3C_05","28_3C","28",572,70.125,0,0,NA,295,380.67,0,0
"28_3C_05","28_3C","28",573,70.25,0,0,NA,295,380.67,0,0
"28_3C_05","28_3C","28",574,70.375,0,0,NA,295,380.67,0,0
"28_3C_05","28_3C","28",575,70.5,0,0,NA,295,380.67,0,0
"28_3C_05","28_3C","28",576,70.625,0,0,NA,295,380.67,0,0
"28_3C_05","28_3C","28",577,70.75,0,0,NA,295,380.67,0,0
"28_3C_05","28_3C","28",578,70.875,0,0,NA,295,380.67,0,0
"28_3C_05","28_3C","28",579,71,0,0,NA,295,380.67,0,0
"28_3C_05","28_3C","28",580,71.125,0,0,NA,295,380.67,0,0
"28_3C_05","28_3C","28",581,71.25,0,0,NA,295,380.67,0,0
"28_3C_05","28_3C","28",582,71.375,0,0,NA,295,380.67,0,0
"28_3C_05","28_3C","28",583,71.5,0,0,NA,295,380.67,0,0
"28_3C_05","28_3C","28",584,71.625,0,0,NA,295,380.67,0,0
"28_3C_05","28_3C","28",585,71.75,0,0,NA,295,380.67,0,0
"28_3C_05","28_3C","28",586,71.875,0,0,NA,295,380.67,0,0
"28_3C_05","28_3C","28",587,72,0,0,NA,295,380.67,0,0
"28_3C_05","28_3C","28",588,72.125,0,0,NA,295,380.67,0,0
"28_3C_05","28_3C","28",589,72.25,0,0,NA,295,380.67,0,0
"28_3C_05","28_3C","28",590,72.375,0,0,NA,295,380.67,0,0
"28_3C_05","28_3C","28",591,72.5,0,0,NA,295,380.67,0,0
"28_3C_05","28_3C","28",592,72.625,0,0,NA,295,380.67,0,0
"28_3C_05","28_3C","28",593,72.75,0,0,NA,295,380.67,0,0
"28_3C_05","28_3C","28",594,72.875,0,0,NA,295,380.67,0,0
"28_3C_05","28_3C","28",595,73,0,0,NA,295,380.67,0,0
"28_3C_05","28_3C","28",596,73.125,0,0,NA,295,380.67,0,0
"28_3C_05","28_3C","28",597,73.25,0,0,NA,295,380.67,0,0
"28_3C_05","28_3C","28",598,73.375,0,1,3.16227769851685,294.5,378.5,2.22685877414803,0
"28_3C_05","28_3C","28",599,73.5,0,1,3.16227769851685,294.5,378.5,0,0
"28_3C_05","28_3C","28",600,73.625,0,1,3.61316752433777,294.37,378.22,0.308706980808636,0.0482000000000146
"28_3C_05","28_3C","28",601,73.75,0,1,4.30334234237671,294.15,378.15,0.230867927612345,-0.0490000000000382
"28_3C_05","28_3C","28",602,73.875,0,1,3.61316752433777,294.22,378.63,0.485077313425421,0
"28_3C_05","28_3C","28",603,74,0,0,NA,294.22,378.63,0,0
"28_3C_05","28_3C","28",604,74.125,0,0,NA,294.22,378.63,0,0
"28_3C_05","28_3C","28",605,74.25,0,0,NA,294.22,378.63,0,0
"28_3C_05","28_3C","28",606,74.375,0,1,3.16227769851685,294.5,378.5,0.308706980808636,0
"28_3C_05","28_3C","28",607,74.5,0,1,3.16227769851685,294.5,378.5,0,0
"28_3C_05","28_3C","28",608,74.625,0,0,NA,294.5,378.5,0,0
"28_3C_05","28_3C","28",609,74.75,0,0,NA,294.5,378.5,0,0
"28_3C_05","28_3C","28",610,74.875,0,0,NA,294.5,378.5,0,0
"28_3C_05","28_3C","28",611,75,0,0,NA,294.5,378.5,0,0
"28_3C_05","28_3C","28",612,75.125,0,0,NA,294.5,378.5,0,0
"28_3C_05","28_3C","28",613,75.25,0,0,NA,294.5,378.5,0,0
"28_3C_05","28_3C","28",614,75.375,0,0,NA,294.5,378.5,0,0
"28_3C_05","28_3C","28",615,75.5,0,0,NA,294.5,378.5,0,0
"28_3C_05","28_3C","28",616,75.625,0,0,NA,294.5,378.5,0,0
"28_3C_05","28_3C","28",617,75.75,0,1,3.60555124282837,295,379.5,1.11803398874989,-0.0150000000000148
"28_3C_05","28_3C","28",618,75.875,0,1,3.79621624946594,295.41,379.28,0.465295604965309,0
"28_3C_05","28_3C","28",619,76,0,0,NA,295.41,379.28,0,0
"28_3C_05","28_3C","28",620,76.125,0,0,NA,295.41,379.28,0,0
"28_3C_05","28_3C","28",621,76.25,0,1,3.60555124282837,295,379.5,0.465295604965309,0
"28_3C_05","28_3C","28",622,76.375,0,0,NA,295,379.5,0,0
"28_3C_05","28_3C","28",623,76.5,0,0,NA,295,379.5,0,0
"28_3C_05","28_3C","28",624,76.625,0,1,3.57600021362305,295.28,379.5,0.279999999999973,0
"28_3C_05","28_3C","28",625,76.75,0,0,NA,295.28,379.5,0,0
"28_3C_05","28_3C","28",626,76.875,0,0,NA,295.28,379.5,0,0
"28_3C_05","28_3C","28",627,77,0,1,4.30334234237671,295.85,380.15,0.864522989862055,0.370200000000021
"28_3C_05","28_3C","28",628,77.125,0,1,4.49510526657104,296.26,380.36,0.460651712251229,-0.0771999999999858
"28_3C_05","28_3C","28",629,77.25,0,1,4.56155300140381,296,380.5,0.295296461204654,-0.0629999999999923
"28_3C_05","28_3C","28",630,77.375,0,1,4.3159761428833,296.14,380.31,0.236008474424109,0.00729999999999695
"28_3C_05","28_3C","28",631,77.5,0,1,4.49510526657104,296.26,380.36,0.130000000000009,-0.0237000000000063
"28_3C_05","28_3C","28",632,77.625,0,1,4.30334234237671,296.15,380.15,0.237065391822633,-0.057000000000018
"28_3C_05","28_3C","28",633,77.75,0,1,4.12310552597046,296,380.5,0.380788655293207,-0.145000000000009
"28_3C_05","28_3C","28",634,77.875,0,1,4.30334234237671,296.15,380.15,0.380788655293207,0.0174999999999864
"28_3C_05","28_3C","28",635,78,0,1,3.94565057754517,296.29,380.16,0.140356688476228,-0.0337999999999834
"28_3C_05","28_3C","28",636,78.125,0,1,4.34192895889282,296,380.84,0.739256383131011,-0.231199999999966
"28_3C_05","28_3C","28",637,78.25,0,1,4.12310552597046,296,380.5,0.339999999999975,0.169999999999987
"28_3C_05","28_3C","28",638,78.375,0,1,4.4721360206604,296,380,0.5,-0.0749999999999886
"28_3C_05","28_3C","28",639,78.5,0,1,4.30334234237671,296.85,380.15,0.863133825081622,1.34099999999999
"28_3C_05","28_3C","28",640,78.625,0,1,4.33298635482788,298.26,381.1,1.70017646142981,0.483099999999996
"28_3C_05","28_3C","28",641,78.75,0,1,3.9712381362915,298.67,381,0.422018956920214,0.135300000000002
"28_3C_05","28_3C","28",642,78.875,0,1,4.4721360206604,299,381,0.329999999999984,0
"28_3C_05","28_3C","28",643,79,0,0,NA,299,381,0,0
"28_3C_05","28_3C","28",644,79.125,0,1,3.61316752433777,299.37,381.22,0.430464865000636,0.774700000000021
"28_3C_05","28_3C","28",645,79.25,0,1,4,301,382,1.80701411173237,-0.351599999999993
"28_3C_05","28_3C","28",646,79.375,0,1,4.46820449829102,300.88,381.8,0.233238075793805,-0.154799999999998
"28_3C_05","28_3C","28",647,79.5,0,1,3.61316752433777,301.22,382.37,0.663701740241815,-0.149200000000033
"28_3C_05","28_3C","28",648,79.625,0,1,4.30334234237671,301.15,382.15,0.230867927612345,-0.0490000000000382
"28_3C_05","28_3C","28",649,79.75,0,1,4.30334234237671,301.85,382.15,0.700000000000045,0.426999999999997
"28_3C_05","28_3C","28",650,79.875,0,1,4.4320182800293,302.46,382.37,0.648459713474908,0
"28_3C_05","28_3C","28",651,80,0,0,NA,302.46,382.37,0,0
"28_3C_05","28_3C","28",652,80.125,0,0,NA,302.46,382.37,0,0
"28_3C_05","28_3C","28",653,80.25,0,0,NA,302.46,382.37,0,0
"28_3C_05","28_3C","28",654,80.375,0,2,4.24264049530029,308.5,384.5,6.40456868180834,0.536900000000062
"28_3C_05","28_3C","28",655,80.5,0,1,4.18675136566162,308.67,384.27,0.286006992921526,-0.0359000000000126
"28_3C_05","28_3C","28",656,80.625,0,1,3.9712381362915,309,384.67,0.518555686498583,-0.196399999999992
"28_3C_05","28_3C","28",657,80.75,0,1,3.79621624946594,308.72,384.41,0.38209946349083,-0.101799999999977
"28_3C_05","28_3C","28",658,80.875,0,1,3.60555124282837,309,384.5,0.294108823397021,-0.0864999999999802
"28_3C_05","28_3C","28",659,81,0,1,3.79621624946594,308.72,384.41,0.294108823397021,-0.101799999999977
"28_3C_05","28_3C","28",660,81.125,0,1,3.9712381362915,309,384.67,0.38209946349083,-0.0442000000000026
"28_3C_05","28_3C","28",661,81.25,0,1,3.60555124282837,309,384.5,0.170000000000016,0
"28_3C_05","28_3C","28",662,81.375,0,1,3.60555124282837,309,384.5,0,0
"28_3C_05","28_3C","28",663,81.5,0,1,3.79621624946594,308.72,384.41,0.294108823397021,-0.0864999999999802
"28_3C_05","28_3C","28",664,81.625,0,1,3.60555124282837,309,384.5,0.294108823397021,-0.0645999999999945
"28_3C_05","28_3C","28",665,81.75,0,1,4.00222158432007,308.75,384.56,0.257099202643649,-0.0558999999999989
"28_3C_05","28_3C","28",666,81.875,0,1,3.9712381362915,309,384.67,0.273130005674959,0
"28_3C_05","28_3C","28",667,82,0,1,3.9712381362915,309,384.67,0,0
"28_3C_05","28_3C","28",668,82.125,0,1,4.3159761428833,309.31,384.86,0.363593179253958,-0.184500000000013
"28_3C_05","28_3C","28",669,82.25,0,1,4.30334234237671,309.15,384.15,0.727804918917191,-0.115800000000041
"28_3C_05","28_3C","28",670,82.375,0,1,3.79621624946594,308.72,384.41,0.502493781056026,-0.26099999999994
"28_3C_05","28_3C","28",671,82.5,0,1,4.4320182800293,309.46,384.63,0.772010362624697,-0.181599999999983
"28_3C_05","28_3C","28",672,82.625,0,1,3.79621624946594,309.28,384.41,0.284253408071019,-0.00679999999999332
"28_3C_05","28_3C","28",673,82.75,0,1,3.9712381362915,309,384.67,0.38209946349083,-0.0442000000000026
"28_3C_05","28_3C","28",674,82.875,0,1,3.60555124282837,309,384.5,0.170000000000016,-0.0221000000000013
"28_3C_05","28_3C","28",675,83,0,1,3.72725701332092,308.85,384.63,0.198494332412772,-0.0232999999999917
"28_3C_05","28_3C","28",676,83.125,0,1,3.61316752433777,308.78,384.37,0.269258240356729,-0.0141999999999855
"28_3C_05","28_3C","28",677,83.25,0,1,3.16227769851685,308.5,384.5,0.308706980808636,-0.0952999999999835
"28_3C_05","28_3C","28",678,83.375,0,1,3.61316752433777,308.78,384.37,0.308706980808636,-0.0141999999999855
"28_3C_05","28_3C","28",679,83.5,0,1,3.72725701332092,308.85,384.63,0.269258240356729,0
"28_3C_05","28_3C","28",680,83.625,0,1,3.72725701332092,308.85,384.63,0,0
"28_3C_05","28_3C","28",681,83.75,0,2,3.61316752433777,308.784301757812,384.37255859375,0.265692184074928,0.000941305899620764
"28_3C_05","28_3C","28",682,83.875,0,1,3.61316752433777,308.78,384.37,0.0050051495737046,0
"28_3C_05","28_3C","28",683,84,0,0,NA,308.78,384.37,0,0
"28_3C_05","28_3C","28",684,84.125,0,1,3.57600021362305,308.5,384.28,0.294108823397039,-0.12950000000001
"28_3C_05","28_3C","28",685,84.25,0,1,3.72725701332092,308.85,384.63,0.494974746830615,-0.12950000000003
"28_3C_05","28_3C","28",686,84.375,0,1,4.07996129989624,308.59,384.52,0.282311884269911,0
"28_3C_05","28_3C","28",687,84.5,0,0,NA,308.59,384.52,0,0
"28_3C_05","28_3C","28",688,84.625,0,0,NA,308.59,384.52,0,0
"28_3C_05","28_3C","28",689,84.75,0,0,NA,308.59,384.52,0,0
"28_3C_05","28_3C","28",690,84.875,0,0,NA,308.59,384.52,0,0
"28_3C_05","28_3C","28",691,85,0,0,NA,308.59,384.52,0,0
"28_3C_05","28_3C","28",692,85.125,0,0,NA,308.59,384.52,0,0
"28_3C_05","28_3C","28",693,85.25,0,0,NA,308.59,384.52,0,0
"28_3C_05","28_3C","28",694,85.375,0,0,NA,308.59,384.52,0,0
"28_3C_05","28_3C","28",695,85.5,0,0,NA,308.59,384.52,0,0
"28_3C_05","28_3C","28",696,85.625,0,0,NA,308.59,384.52,0,0
"28_3C_05","28_3C","28",697,85.75,0,1,3.41421365737915,311,387,3.45810641825844,0
"28_3C_05","28_3C","28",698,85.875,0,0,NA,311,387,0,0
"28_3C_05","28_3C","28",699,86,0,1,3.41421365737915,311,387,0,0
"28_3C_05","28_3C","28",700,86.125,0,1,3.10949110984802,311,386.81,0.189999999999998,0
"28_3C_05","28_3C","28",701,86.25,0,0,NA,311,386.81,0,0
"28_3C_05","28_3C","28",702,86.375,0,1,3.10949110984802,311,386.81,0,0
"28_3C_05","28_3C","28",703,86.5,0,0,NA,311,386.81,0,0
"28_3C_05","28_3C","28",704,86.625,0,1,3.61316752433777,311.22,386.63,0.284253408071063,0.0850000000000017
"28_3C_05","28_3C","28",705,86.75,0,1,3.16227769851685,311.5,386.5,0.308706980808636,-0.180299999999985
"28_3C_05","28_3C","28",706,86.875,0,1,3.10949110984802,311,386.81,0.58830264320331,0
"28_3C_05","28_3C","28",707,87,0,0,NA,311,386.81,0,0
"28_3C_05","28_3C","28",708,87.125,0,0,NA,311,386.81,0,0
"28_3C_05","28_3C","28",709,87.25,0,1,3.61316752433777,311.22,386.63,0.284253408071063,0
"28_3C_05","28_3C","28",710,87.375,0,0,NA,311.22,386.63,0,0
"28_3C_05","28_3C","28",711,87.5,0,1,3.10949110984802,311,386.81,0.284253408071063,-0.0558000000000025
"28_3C_05","28_3C","28",712,87.625,0,1,3.30277562141418,311,386.5,0.310000000000002,0
"28_3C_05","28_3C","28",713,87.75,0,0,NA,311,386.5,0,0
"28_3C_05","28_3C","28",714,87.875,0,0,NA,311,386.5,0,0
"28_3C_05","28_3C","28",715,88,0,0,NA,311,386.5,0,0
"28_3C_05","28_3C","28",716,88.125,0,0,NA,311,386.5,0,0
"28_3C_05","28_3C","28",717,88.25,0,0,NA,311,386.5,0,0
"28_3C_05","28_3C","28",718,88.375,0,0,NA,311,386.5,0,0
"28_3C_05","28_3C","28",719,88.5,0,0,NA,311,386.5,0,0
"28_3C_05","28_3C","28",720,88.625,0,0,NA,311,386.5,0,0
"28_3C_05","28_3C","28",721,88.75,0,0,NA,311,386.5,0,0
"28_3C_05","28_3C","28",722,88.875,0,0,NA,311,386.5,0,0
"28_3C_05","28_3C","28",723,89,0,0,NA,311,386.5,0,0
"28_3C_05","28_3C","28",724,89.125,0,0,NA,311,386.5,0,0
"28_3C_05","28_3C","28",725,89.25,0,0,NA,311,386.5,0,0
"28_3C_05","28_3C","28",726,89.375,0,0,NA,311,386.5,0,0
"28_3C_05","28_3C","28",727,89.5,0,0,NA,311,386.5,0,0
"28_3C_05","28_3C","28",728,89.625,0,0,NA,311,386.5,0,0
"28_3C_05","28_3C","28",729,89.75,0,0,NA,311,386.5,0,0
"28_3C_05","28_3C","28",730,89.875,0,0,NA,311,386.5,0,0
"28_3C_05","28_3C","28",731,90,0,0,NA,311,386.5,0,0
"28_3C_05","28_3C","28",732,90.125,0,0,NA,311,386.5,0,0
"28_3C_05","28_3C","28",733,90.25,0,0,NA,311,386.5,0,0
"28_3C_05","28_3C","28",734,90.375,0,0,NA,311,386.5,0,0
"28_3C_05","28_3C","28",735,90.5,0,0,NA,311,386.5,0,0
"28_3C_05","28_3C","28",736,90.625,0,0,NA,311,386.5,0,0
"28_3C_05","28_3C","28",737,90.75,0,0,NA,311,386.5,0,0
"28_3C_05","28_3C","28",738,90.875,0,0,NA,311,386.5,0,0
"28_3C_05","28_3C","28",739,91,0,0,NA,311,386.5,0,0
"28_3C_05","28_3C","28",740,91.125,0,0,NA,311,386.5,0,0
"28_3C_05","28_3C","28",741,91.25,0,0,NA,311,386.5,0,0
"28_3C_05","28_3C","28",742,91.375,0,0,NA,311,386.5,0,0
"28_3C_05","28_3C","28",743,91.5,0,0,NA,311,386.5,0,0
"28_3C_05","28_3C","28",744,91.625,0,0,NA,311,386.5,0,0
"28_3C_05","28_3C","28",745,91.75,0,0,NA,311,386.5,0,0
"28_3C_05","28_3C","28",746,91.875,0,0,NA,311,386.5,0,0
"28_3C_05","28_3C","28",747,92,0,0,NA,311,386.5,0,0
"28_3C_05","28_3C","28",748,92.125,0,0,NA,311,386.5,0,0
"28_3C_05","28_3C","28",749,92.25,0,0,NA,311,386.5,0,0
"28_3C_05","28_3C","28",750,92.375,0,0,NA,311,386.5,0,0
"28_3C_05","28_3C","28",751,92.5,0,0,NA,311,386.5,0,0
"28_3C_05","28_3C","28",752,92.625,0,0,NA,311,386.5,0,0
"28_3C_05","28_3C","28",753,92.75,0,0,NA,311,386.5,0,0
"28_3C_05","28_3C","28",754,92.875,0,0,NA,311,386.5,0,0
"28_3C_05","28_3C","28",755,93,0,0,NA,311,386.5,0,0
"28_3C_05","28_3C","28",756,93.125,0,0,NA,311,386.5,0,0
"28_3C_05","28_3C","28",757,93.25,0,0,NA,311,386.5,0,0
"28_3C_05","28_3C","28",758,93.375,0,0,NA,311,386.5,0,0
"28_3C_05","28_3C","28",759,93.5,0,0,NA,311,386.5,0,0
"28_3C_05","28_3C","28",760,93.625,0,0,NA,311,386.5,0,0
"28_3C_05","28_3C","28",761,93.75,0,0,NA,311,386.5,0,0
"28_3C_05","28_3C","28",762,93.875,0,0,NA,311,386.5,0,0
"28_3C_05","28_3C","28",763,94,0,0,NA,311,386.5,0,0
"28_3C_05","28_3C","28",764,94.125,0,0,NA,311,386.5,0,0
"28_3C_05","28_3C","28",765,94.25,0,0,NA,311,386.5,0,0
"28_3C_05","28_3C","28",766,94.375,0,0,NA,311,386.5,0,0
"28_3C_05","28_3C","28",767,94.5,0,0,NA,311,386.5,0,0
"28_3C_05","28_3C","28",768,94.625,0,1,3.60555124282837,313,386.5,2,4
"28_3C_05","28_3C","28",769,94.75,0,1,3.60555124282837,315,386.5,2,0
"28_3C_05","28_3C","28",770,94.875,0,0,NA,315,386.5,0,0
"28_3C_05","28_3C","28",771,95,0,1,4.64440011978149,320.74,386.2,5.74783437478848,1.45339999999995
"28_3C_05","28_3C","28",772,95.125,0,1,3.9712381362915,321,386.33,0.290688837074963,-0.0506999999999965
"28_3C_05","28_3C","28",773,95.25,0,1,4.00222158432007,320.75,386.44,0.273130005674959,-0.074600000000003
"28_3C_05","28_3C","28",774,95.375,0,1,3.9712381362915,321,386.33,0.273130005674959,0.360599999999992
"28_3C_05","28_3C","28",775,95.5,0,1,4.4320182800293,322.46,386.37,1.46054784242076,2.02060000000003
"28_3C_05","28_3C","28",776,95.625,0,1,4.30334234237671,323.85,386.15,1.40730238399575,0.492199999999973
"28_3C_05","28_3C","28",777,95.75,0,1,4.00222158432007,324.25,386.44,0.494064773081419,-0.168499999999981
"28_3C_05","28_3C","28",778,95.875,0,1,3.79621624946594,323.72,386.59,0.550817574156784,-0.187399999999971
"28_3C_05","28_3C","28",779,96,0,1,3.9712381362915,324,386.33,0.38209946349083,0
"28_3C_05","28_3C","28",780,96.125,0,1,3.9712381362915,324,386.33,0,0
"28_3C_05","28_3C","28",781,96.25,0,1,3.9712381362915,324,386.33,0,0
"28_3C_05","28_3C","28",782,96.375,0,1,3.60555124282837,324,386.5,0.170000000000016,-0.0221000000000013
"28_3C_05","28_3C","28",783,96.5,0,1,4.4320182800293,324.46,386.37,0.478016736108664,0.00150000000000977
"28_3C_05","28_3C","28",784,96.625,0,1,4.24264049530029,324.5,386.5,0.136014705087356,0.0152999999999972
"28_3C_05","28_3C","28",785,96.75,0,1,4.4320182800293,324.46,386.63,0.136014705087356,-0.0205999999999915
"28_3C_05","28_3C","28",786,96.875,0,1,3.9712381362915,324,386.33,0.549181208709828,-0.152799999999995
"28_3C_05","28_3C","28",787,97,0,1,3.79621624946594,324.28,386.41,0.291204395571206,0
"28_3C_05","28_3C","28",788,97.125,0,0,NA,324.28,386.41,0,0
"28_3C_05","28_3C","28",789,97.25,0,1,3.61316752433777,323.63,386.22,0.677200118133458,-1.91869999999993
"28_3C_05","28_3C","28",790,97.375,0,1,3.16227769851685,326.5,386.5,2.88362618936644,0
"28_3C_05","28_3C","28",791,97.5,0,1,3.16227769851685,326.5,386.5,0,0
"28_3C_05","28_3C","28",792,97.625,0,1,4.01123428344727,326.15,386,0.610327780786698,-0.372500000000016
"28_3C_05","28_3C","28",793,97.75,0,1,3.16227769851685,326.5,386.5,0.610327780786698,0
"28_3C_05","28_3C","28",794,97.875,0,1,3.16227769851685,326.5,386.5,0,0
"28_3C_05","28_3C","28",795,98,0,1,3.61316752433777,326.37,386.22,0.308706980808636,-0.0952999999999835
"28_3C_05","28_3C","28",796,98.125,0,1,3.16227769851685,326.5,386.5,0.308706980808636,0.0649999999999977
"28_3C_05","28_3C","28",797,98.25,0,1,3.30277562141418,327,386.5,0.5,0
"28_3C_05","28_3C","28",798,98.375,0,1,3.30277562141418,327,386.5,0,0
"28_3C_05","28_3C","28",799,98.5,0,1,3.61316752433777,327.22,386.63,0.255538646783634,0
"28_3C_05","28_3C","28",800,98.625,0,0,NA,327.22,386.63,0,0
"28_3C_05","28_3C","28",801,98.75,0,0,NA,327.22,386.63,0,0
"28_3C_05","28_3C","28",802,98.875,0,0,NA,327.22,386.63,0,0
"28_3C_05","28_3C","28",803,99,0,0,NA,327.22,386.63,0,0
"28_3C_05","28_3C","28",804,99.125,0,1,4.01123428344727,327.15,386,0.63387695966962,-0.339500000000017
"28_3C_05","28_3C","28",805,99.25,0,1,3.16227769851685,327.5,386.5,0.610327780786698,0
"28_3C_05","28_3C","28",806,99.375,0,0,NA,327.5,386.5,0,0
"28_3C_05","28_3C","28",807,99.5,0,1,3.16227769851685,327.5,386.5,0,0
"28_3C_05","28_3C","28",808,99.625,0,0,NA,327.5,386.5,0,0
"28_3C_05","28_3C","28",809,99.75,0,0,NA,327.5,386.5,0,0
"28_3C_05","28_3C","28",810,99.875,0,0,NA,327.5,386.5,0,0
"28_3C_05","28_3C","28",811,100,0,0,NA,327.5,386.5,0,0
"28_3C_05","28_3C","28",812,100.125,0,0,NA,327.5,386.5,0,0
"28_3C_05","28_3C","28",813,100.25,0,0,NA,327.5,386.5,0,0
"28_3C_05","28_3C","28",814,100.375,0,0,NA,327.5,386.5,0,0
"28_3C_05","28_3C","28",815,100.5,0,0,NA,327.5,386.5,0,0
"28_3C_05","28_3C","28",816,100.625,0,0,NA,327.5,386.5,0,0
"28_3C_05","28_3C","28",817,100.75,0,0,NA,327.5,386.5,0,0
"28_3C_05","28_3C","28",818,100.875,0,0,NA,327.5,386.5,0,0
"28_3C_05","28_3C","28",819,101,0,0,NA,327.5,386.5,0,0
"28_3C_05","28_3C","28",820,101.125,0,0,NA,327.5,386.5,0,0
"28_3C_05","28_3C","28",821,101.25,0,0,NA,327.5,386.5,0,0
"28_3C_05","28_3C","28",822,101.375,0,0,NA,327.5,386.5,0,0
"28_3C_05","28_3C","28",823,101.5,0,0,NA,327.5,386.5,0,0
"28_3C_05","28_3C","28",824,101.625,0,0,NA,327.5,386.5,0,0
"28_3C_05","28_3C","28",825,101.75,0,0,NA,327.5,386.5,0,0
"28_3C_05","28_3C","28",826,101.875,0,0,NA,327.5,386.5,0,0
"28_3C_05","28_3C","28",827,102,0,0,NA,327.5,386.5,0,0
"28_3C_05","28_3C","28",828,102.125,0,0,NA,327.5,386.5,0,0
"28_3C_05","28_3C","28",829,102.25,0,0,NA,327.5,386.5,0,0
"28_3C_05","28_3C","28",830,102.375,0,0,NA,327.5,386.5,0,0
"28_3C_05","28_3C","28",831,102.5,0,0,NA,327.5,386.5,0,0
"28_3C_05","28_3C","28",832,102.625,0,0,NA,327.5,386.5,0,0
"28_3C_05","28_3C","28",833,102.75,0,0,NA,327.5,386.5,0,0
"28_3C_05","28_3C","28",834,102.875,0,0,NA,327.5,386.5,0,0
"28_3C_05","28_3C","28",835,103,0,0,NA,327.5,386.5,0,0
"28_3C_05","28_3C","28",836,103.125,0,0,NA,327.5,386.5,0,0
"28_3C_05","28_3C","28",837,103.25,0,0,NA,327.5,386.5,0,0
"28_3C_05","28_3C","28",838,103.375,0,0,NA,327.5,386.5,0,0
"28_3C_05","28_3C","28",839,103.5,0,0,NA,327.5,386.5,0,0
"28_3C_05","28_3C","28",840,103.625,0,0,NA,327.5,386.5,0,0
"28_3C_05","28_3C","28",841,103.75,0,0,NA,327.5,386.5,0,0
"28_3C_05","28_3C","28",842,103.875,0,0,NA,327.5,386.5,0,0
"28_3C_05","28_3C","28",843,104,0,0,NA,327.5,386.5,0,0
"28_3C_05","28_3C","28",844,104.125,0,0,NA,327.5,386.5,0,0
"28_3C_05","28_3C","28",845,104.25,0,0,NA,327.5,386.5,0,0
"28_3C_05","28_3C","28",846,104.375,0,0,NA,327.5,386.5,0,0
"28_3C_05","28_3C","28",847,104.5,0,0,NA,327.5,386.5,0,0
"28_3C_05","28_3C","28",848,104.625,0,0,NA,327.5,386.5,0,0
"28_3C_05","28_3C","28",849,104.75,0,0,NA,327.5,386.5,0,0
"28_3C_05","28_3C","28",850,104.875,0,0,NA,327.5,386.5,0,0
"28_3C_05","28_3C","28",851,105,0,0,NA,327.5,386.5,0,0
"28_3C_05","28_3C","28",852,105.125,0,0,NA,327.5,386.5,0,0
"28_3C_05","28_3C","28",853,105.25,0,0,NA,327.5,386.5,0,0
"28_3C_05","28_3C","28",854,105.375,0,0,NA,327.5,386.5,0,0
"28_3C_05","28_3C","28",855,105.5,0,0,NA,327.5,386.5,0,0
"28_3C_05","28_3C","28",856,105.625,0,0,NA,327.5,386.5,0,0
"28_3C_05","28_3C","28",857,105.75,0,0,NA,327.5,386.5,0,0
"28_3C_05","28_3C","28",858,105.875,0,0,NA,327.5,386.5,0,0
"28_3C_05","28_3C","28",859,106,0,0,NA,327.5,386.5,0,0
"28_3C_05","28_3C","28",860,106.125,0,0,NA,327.5,386.5,0,0
"28_3C_05","28_3C","28",861,106.25,0,0,NA,327.5,386.5,0,0
"28_3C_05","28_3C","28",862,106.375,0,0,NA,327.5,386.5,0,0
"28_3C_05","28_3C","28",863,106.5,0,0,NA,327.5,386.5,0,0
"28_3C_05","28_3C","28",864,106.625,0,0,NA,327.5,386.5,0,0
"28_3C_05","28_3C","28",865,106.75,0,0,NA,327.5,386.5,0,0
"28_3C_05","28_3C","28",866,106.875,0,0,NA,327.5,386.5,0,0
"28_3C_05","28_3C","28",867,107,0,0,NA,327.5,386.5,0,0
"28_3C_05","28_3C","28",868,107.125,0,0,NA,327.5,386.5,0,0
"28_3C_05","28_3C","28",869,107.25,0,0,NA,327.5,386.5,0,0
"28_3C_05","28_3C","28",870,107.375,0,0,NA,327.5,386.5,0,0
"28_3C_05","28_3C","28",871,107.5,0,0,NA,327.5,386.5,0,0
"28_3C_05","28_3C","28",872,107.625,0,0,NA,327.5,386.5,0,0
"28_3C_05","28_3C","28",873,107.75,0,0,NA,327.5,386.5,0,0
"28_3C_05","28_3C","28",874,107.875,0,0,NA,327.5,386.5,0,0
"28_3C_05","28_3C","28",875,108,0,0,NA,327.5,386.5,0,0
"28_3C_05","28_3C","28",876,108.125,0,0,NA,327.5,386.5,0,0
"28_3C_05","28_3C","28",877,108.25,0,0,NA,327.5,386.5,0,0
"28_3C_05","28_3C","28",878,108.375,0,0,NA,327.5,386.5,0,0
"28_3C_05","28_3C","28",879,108.5,0,0,NA,327.5,386.5,0,0
"28_3C_05","28_3C","28",880,108.625,0,0,NA,327.5,386.5,0,0
"28_3C_05","28_3C","28",881,108.75,0,0,NA,327.5,386.5,0,0
"28_3C_05","28_3C","28",882,108.875,0,0,NA,327.5,386.5,0,0
"28_3C_05","28_3C","28",883,109,0,0,NA,327.5,386.5,0,0
"28_3C_05","28_3C","28",884,109.125,0,0,NA,327.5,386.5,0,0
"28_3C_05","28_3C","28",885,109.25,0,0,NA,327.5,386.5,0,0
"28_3C_05","28_3C","28",886,109.375,0,0,NA,327.5,386.5,0,0
"28_3C_05","28_3C","28",887,109.5,0,0,NA,327.5,386.5,0,0
"28_3C_05","28_3C","28",888,109.625,0,0,NA,327.5,386.5,0,0
"28_3C_05","28_3C","28",889,109.75,0,0,NA,327.5,386.5,0,0
"28_3C_05","28_3C","28",890,109.875,0,0,NA,327.5,386.5,0,0
"28_3C_05","28_3C","28",891,110,0,0,NA,327.5,386.5,0,0
"28_3C_05","28_3C","28",892,110.125,0,0,NA,327.5,386.5,0,0
"28_3C_05","28_3C","28",893,110.25,0,0,NA,327.5,386.5,0,0
"28_3C_05","28_3C","28",894,110.375,0,0,NA,327.5,386.5,0,0
"28_3C_05","28_3C","28",895,110.5,0,1,3.16227769851685,328.5,386.5,1,0
"28_3C_05","28_3C","28",896,110.625,0,0,NA,328.5,386.5,0,0
"28_3C_05","28_3C","28",897,110.75,0,1,3.10949110984802,338,382.81,10.191471925095,5.08209999999991
"28_3C_05","28_3C","28",898,110.875,0,1,3.57600021362305,338.5,382.72,0.508035431835217,0.149800000000021
"28_3C_05","28_3C","28",899,111,0,1,4.01123428344727,338.85,383,0.4482186966203,-0.0874999999999909
"28_3C_05","28_3C","28",900,111.125,0,1,3.60555124282837,339,382.5,0.522015325445521,-0.0809999999999896
"28_3C_05","28_3C","28",901,111.25,0,1,3.94565057754517,339.16,382.71,0.264007575648881,-0.149700000000012
"28_3C_05","28_3C","28",902,111.375,0,1,3.16227769851685,338.5,382.5,0.692603782836929,0
"28_3C_05","28_3C","28",903,111.5,0,0,NA,338.5,382.5,0,0
"28_3C_05","28_3C","28",904,111.625,0,1,4.30334234237671,339.15,382.85,0.738241153011661,-0.317500000000009
"28_3C_05","28_3C","28",905,111.75,0,1,3.61316752433777,338.78,382.63,0.430464865000636,0.0224999999999932
"28_3C_05","28_3C","28",906,111.875,0,1,3.61316752433777,338.63,382.78,0.212132034355932,-0.0719999999999833
"28_3C_05","28_3C","28",907,112,0,1,3.9712381362915,339,382.67,0.386005181312368,0
"28_3C_05","28_3C","28",908,112.125,0,1,3.9712381362915,339,382.67,0,0
"28_3C_05","28_3C","28",909,112.25,0,1,3.63458633422852,338.19,382.81,0.822009732302483,-0.6995
"28_3C_05","28_3C","28",910,112.375,0,1,3.60555124282837,339,382.5,0.867294644281864,-0.405000000000001
"28_3C_05","28_3C","28",911,112.5,0,1,3.16227769851685,338.5,382.5,0.5,-0.5
"28_3C_05","28_3C","28",912,112.625,0,1,3.16227769851685,339.5,382.5,1,-1
"28_3C_05","28_3C","28",913,112.75,0,1,3.16227769851685,338.5,382.5,1,0
"28_3C_05","28_3C","28",914,112.875,0,1,3.16227769851685,338.5,382.5,0,0
"28_3C_05","28_3C","28",915,113,0,1,3.60555124282837,339,382.5,0.5,-0.0749999999999886
"28_3C_05","28_3C","28",916,113.125,0,1,3.72725701332092,338.85,382.37,0.198494332412772,0.0355999999999966
"28_3C_05","28_3C","28",917,113.25,0,1,3.16227769851685,338.5,382.5,0.373363094051909,-0.081099999999998
"28_3C_05","28_3C","28",918,113.375,0,1,3.61316752433777,338.78,382.63,0.308706980808636,0.0850000000000017
"28_3C_05","28_3C","28",919,113.5,0,1,3.10949110984802,339,382.81,0.284253408071063,-0.0808000000000145
"28_3C_05","28_3C","28",920,113.625,0,1,3.61316752433777,338.78,382.63,0.284253408071063,-0.245000000000039
"28_3C_05","28_3C","28",921,113.75,0,1,3.60555124282837,340,382.5,1.22690667941782,3.27810000000003
"28_3C_05","28_3C","28",922,113.875,0,1,4.4320182800293,342.46,380.37,3.25399754148645,0
"28_3C_05","28_3C","28",923,114,0,0,NA,342.46,380.37,0,0
"28_3C_05","28_3C","28",924,114.125,0,0,NA,342.46,380.37,0,0
"28_3C_05","28_3C","28",925,114.25,0,1,4.3159761428833,346.86,378.31,4.85835363060372,6.05699999999992
"28_3C_05","28_3C","28",926,114.375,0,1,4.49510526657104,348.26,378.36,1.40089257261217,-0.822999999999983
"28_3C_05","28_3C","28",927,114.5,0,1,4.3159761428833,347.69,377.86,0.758221603490689,0.140100000000011
"28_3C_05","28_3C","28",928,114.625,0,1,4.60857009887695,347.76,377.5,0.366742416417857,0.533600000000002
"28_3C_05","28_3C","28",929,114.75,0,1,3.94565057754517,349.16,376.29,1.85043238190431,8.32680000000005
"28_3C_05","28_3C","28",930,114.875,0,1,4.73271036148071,352.1,372.81,4.55565582545478,1.66500000000008
"28_3C_05","28_3C","28",931,115,0,1,4.69213390350342,352.11,372.34,0.470106370941753,0
"28_3C_05","28_3C","28",932,115.125,0,0,NA,352.11,372.34,0,0
"28_3C_05","28_3C","28",933,115.25,0,1,4.56155300140381,352,372.5,0.194164878389504,-0.0381000000000046
"28_3C_05","28_3C","28",934,115.375,0,1,4.53098201751709,352.23,372.42,0.24351591323773,0.0350999999999936
"28_3C_05","28_3C","28",935,115.5,0,1,4.86371183395386,352.32,372.24,0.201246117974976,0.045899999999983
"28_3C_05","28_3C","28",936,115.625,0,1,5.11532592773438,352.95,372.3,0.632850693291865,0
"28_3C_05","28_3C","28",937,115.75,0,0,NA,352.95,372.3,0,0
"28_3C_05","28_3C","28",938,115.875,0,1,4.86371183395386,352.32,372.24,0.632850693291865,0.112500000000011
"28_3C_05","28_3C","28",939,116,0,1,4.30334234237671,352.15,372.15,0.192353840616742,-0.04680000000002
"28_3C_05","28_3C","28",940,116.125,0,1,4.60857009887695,352.24,372.5,0.361386219991883,-0.140600000000007
"28_3C_05","28_3C","28",941,116.25,0,1,4.34192895889282,352,372.16,0.416173040933681,0
"28_3C_05","28_3C","28",942,116.375,0,0,NA,352,372.16,0,0
"28_3C_05","28_3C","28",943,116.5,0,1,5.08612632751465,352.71,372.44,0.763216876123658,0
"28_3C_05","28_3C","28",944,116.625,0,0,NA,352.71,372.44,0,0
"28_3C_05","28_3C","28",945,116.75,0,1,4.86371183395386,352.32,372.24,0.438292140016205,-0.0702000000000002
"28_3C_05","28_3C","28",946,116.875,0,1,4.60857009887695,352.5,372.24,0.180000000000007,-0.00539999999999529
"28_3C_05","28_3C","28",947,117,0,1,4.85450744628906,352.47,372.38,0.143178210632744,-0.0332999999999906
"28_3C_05","28_3C","28",948,117.125,0,1,4.64440011978149,352.74,372.2,0.324499614791748,-0.207000000000004
"28_3C_05","28_3C","28",949,117.25,0,1,5.13444757461548,352.2,372.54,0.638122245341787,-0.394600000000045
"28_3C_05","28_3C","28",950,117.375,0,1,4.69213390350342,352.66,372.11,0.629682459657278,-0.24760000000002
"28_3C_05","28_3C","28",951,117.5,0,1,4.61067152023315,352.29,372.29,0.411460812228827,-0.0398999999999956
"28_3C_05","28_3C","28",952,117.625,0,1,5.0990195274353,352.5,372.5,0.296984848098321,-0.146999999999995
"28_3C_05","28_3C","28",953,117.75,0,1,4.48923778533936,352.15,372.15,0.494974746830615,0
"28_3C_05","28_3C","28",954,117.875,0,0,NA,352.15,372.15,0,0
"28_3C_05","28_3C","28",955,118,0,0,NA,352.15,372.15,0,0
"28_3C_05","28_3C","28",956,118.125,0,1,4.34192895889282,352.16,372,0.15033296378371,-0.103699999999968
"28_3C_05","28_3C","28",957,118.25,0,1,5.08612632751465,352.44,372.71,0.763216876123658,-0.132299999999982
"28_3C_05","28_3C","28",958,118.375,0,1,5.0990195274353,352.5,372.5,0.218403296678396,0.0209999999999948
"28_3C_05","28_3C","28",959,118.5,0,1,4.89098739624023,352.36,372.36,0.197989898732214,0
"28_3C_05","28_3C","28",960,118.625,0,0,NA,352.36,372.36,0,0
"28_3C_05","28_3C","28",961,118.75,0,1,4.86371183395386,352.32,372.24,0.126491106406746,-0.038400000000004
"28_3C_05","28_3C","28",962,118.875,0,1,5.0990195274353,352.5,372.5,0.316227766016834,0
"28_3C_05","28_3C","28",963,119,0,1,5.0990195274353,352.5,372.5,0,0
"28_3C_05","28_3C","28",964,119.125,0,0,NA,352.5,372.5,0,0
"28_3C_05","28_3C","28",965,119.25,0,0,NA,352.5,372.5,0,0
"28_3C_05","28_3C","28",966,119.375,0,1,4.86371183395386,352.32,372.24,0.316227766016834,-0.0634000000000023
"28_3C_05","28_3C","28",967,119.5,0,1,4.85450744628906,352.47,372.38,0.205182845286848,-0.0421000000000064
"28_3C_05","28_3C","28",968,119.625,0,1,4.86371183395386,352.32,372.24,0.205182845286848,0
"28_3C_05","28_3C","28",969,119.75,0,1,4.86371183395386,352.32,372.24,0,0
"28_3C_05","28_3C","28",970,119.875,0,1,5.62114381790161,352.81,372.87,0.798122797569399,0
"28_3C_05","28_3C","28",971,120,0,0,NA,352.81,372.87,0,0
"28_3C_05","28_3C","28",972,120.125,0,0,NA,352.81,372.87,0,0
"28_3C_05","28_3C","28",973,120.25,0,0,NA,352.81,372.87,0,0
"28_3C_05","28_3C","28",974,120.375,0,1,4.69213390350342,352.34,372.11,0.893588272080611,-0.0894000000000034
"28_3C_05","28_3C","28",975,120.5,0,1,4.86371183395386,352.32,372.24,0.131529464379652,0
"28_3C_05","28_3C","28",976,120.625,0,0,NA,352.32,372.24,0,0
"28_3C_05","28_3C","28",977,120.75,0,0,NA,352.32,372.24,0,0
"28_3C_05","28_3C","28",978,120.875,0,0,NA,352.32,372.24,0,0
"28_3C_05","28_3C","28",979,121,0,0,NA,352.32,372.24,0,0
"28_3C_05","28_3C","28",980,121.125,0,0,NA,352.32,372.24,0,0
"28_3C_05","28_3C","28",981,121.25,0,0,NA,352.32,372.24,0,0
"28_3C_05","28_3C","28",982,121.375,0,0,NA,352.32,372.24,0,0
"28_3C_05","28_3C","28",983,121.5,0,0,NA,352.32,372.24,0,0
"28_3C_05","28_3C","28",984,121.625,0,0,NA,352.32,372.24,0,0
"28_3C_05","28_3C","28",985,121.75,0,0,NA,352.32,372.24,0,0
"28_3C_05","28_3C","28",986,121.875,0,0,NA,352.32,372.24,0,NA
