"fname","cop_name","plate","frame","sec","drop","blobs","blob_size","x","y","distance","dot_product"
"35_1C_05","35_1C","35",0,-3.25,0,0,NA,121.37,341.78,NA,NA
"35_1C_05","35_1C","35",1,-3.125,0,0,NA,121.37,341.78,0,0
"35_1C_05","35_1C","35",2,-3,0,0,NA,121.37,341.78,0,0
"35_1C_05","35_1C","35",3,-2.875,0,0,NA,121.37,341.78,0,0
"35_1C_05","35_1C","35",4,-2.75,0,0,NA,121.37,341.78,0,0
"35_1C_05","35_1C","35",5,-2.625,0,0,NA,121.37,341.78,0,0
"35_1C_05","35_1C","35",6,-2.5,0,0,NA,121.37,341.78,0,0
"35_1C_05","35_1C","35",7,-2.375,0,0,NA,121.37,341.78,0,0
"35_1C_05","35_1C","35",8,-2.25,0,0,NA,121.37,341.78,0,0
"35_1C_05","35_1C","35",9,-2.125,0,0,NA,121.37,341.78,0,0
"35_1C_05","35_1C","35",10,-2,0,0,NA,121.37,341.78,0,0
"35_1C_05","35_1C","35",11,-1.875,0,0,NA,121.37,341.78,0,0
"35_1C_05","35_1C","35",12,-1.75,0,1,3.61316752433777,121.37,341.78,0,0
"35_1C_05","35_1C","35",13,-1.625,0,1,4.01123428344727,121.15,342,0.311126983722099,-0.248600000000033
"35_1C_05","35_1C","35",14,-1.5,0,1,4.08487749099731,121.03,340.75,1.25574678976297,0
"35_1C_05","35_1C","35",15,-1.375,0,0,NA,121.03,340.75,0,0
"35_1C_05","35_1C","35",16,-1.25,0,1,3.61316752433777,120.37,339.78,1.17324336776308,-0.299200000000029
"35_1C_05","35_1C","35",17,-1.125,0,1,3.60555124282837,120.5,340,0.255538646783634,0
"35_1C_05","35_1C","35",18,-1,0,1,3.60555124282837,120.5,340,0,0
"35_1C_05","35_1C","35",19,-0.875,0,1,3.9712381362915,120.33,340,0.170000000000002,-0.0289000000000006
"35_1C_05","35_1C","35",20,-0.75,0,1,3.60555124282837,120.5,340,0.170000000000002,0
"35_1C_05","35_1C","35",21,-0.625,0,1,3.60555124282837,120.5,340,0,0
"35_1C_05","35_1C","35",22,-0.5,0,1,3.60555124282837,120.5,340,0,0
"35_1C_05","35_1C","35",23,-0.375,0,1,3.60555124282837,120.5,340,0,0
"35_1C_05","35_1C","35",24,-0.25,0,1,3.60555124282837,120.5,340,0,0
"35_1C_05","35_1C","35",25,-0.125,0,1,4.29617643356323,119.89,338.9,1.25781556676647,0.262599999999976
"35_1C_05","35_1C","35",26,0,0,1,4.27798509597778,119.73,338.75,0.219317121994595,0.0271999999999997
"35_1C_05","35_1C","35",27,0.125,0,1,4.00222158432007,119.56,338.75,0.170000000000002,-0.0187000000000001
"35_1C_05","35_1C","35",28,0.25,0,1,3.9712381362915,119.67,339,0.273130005674953,-0.511599999999999
"35_1C_05","35_1C","35",29,0.375,0,1,4.3159761428833,118.86,337.31,1.87408644411084,3.54780000000001
"35_1C_05","35_1C","35",30,0.5,0,1,4.3159761428833,117.86,335.69,1.90378570222597,6.71780000000001
"35_1C_05","35_1C","35",31,0.625,0,1,5,115.5,333,3.57850527455249,7.00860000000001
"35_1C_05","35_1C","35",32,0.75,0,1,4.60857009887695,114.24,331.5,1.95897932607774,6.33239999999997
"35_1C_05","35_1C","35",33,0.875,0,1,4.34192895889282,112,329.16,3.23932091648849,0
"35_1C_05","35_1C","35",34,1,0,0,NA,112,329.16,0,0
"35_1C_05","35_1C","35",35,1.125,0,1,3.72684335708618,104.67,324.45,8.71280666605201,0
"35_1C_05","35_1C","35",36,1.25,0,0,NA,104.67,324.45,0,0
"35_1C_05","35_1C","35",37,1.375,0,0,NA,104.67,324.45,0,0
"35_1C_05","35_1C","35",38,1.5,0,0,NA,104.67,324.45,0,0
"35_1C_05","35_1C","35",39,1.625,0,0,NA,104.67,324.45,0,0
"35_1C_05","35_1C","35",40,1.75,0,0,NA,104.67,324.45,0,0
"35_1C_05","35_1C","35",41,1.875,0,0,NA,104.67,324.45,0,0
"35_1C_05","35_1C","35",42,2,0,0,NA,104.67,324.45,0,0
"35_1C_05","35_1C","35",43,2.125,0,0,NA,104.67,324.45,0,0
"35_1C_05","35_1C","35",44,2.25,0,0,NA,104.67,324.45,0,0
"35_1C_05","35_1C","35",45,2.375,0,0,NA,104.67,324.45,0,0
"35_1C_05","35_1C","35",46,2.5,0,0,NA,104.67,324.45,0,0
"35_1C_05","35_1C","35",47,2.625,0,0,NA,104.67,324.45,0,0
"35_1C_05","35_1C","35",48,2.75,0,0,NA,104.67,324.45,0,0
"35_1C_05","35_1C","35",49,2.875,0,0,NA,104.67,324.45,0,0
"35_1C_05","35_1C","35",50,3,0,0,NA,104.67,324.45,0,0
"35_1C_05","35_1C","35",51,3.125,0,0,NA,104.67,324.45,0,0
"35_1C_05","35_1C","35",52,3.25,0,0,NA,104.67,324.45,0,0
"35_1C_05","35_1C","35",53,3.375,0,0,NA,104.67,324.45,0,0
"35_1C_05","35_1C","35",54,3.5,0,0,NA,104.67,324.45,0,0
"35_1C_05","35_1C","35",55,3.625,0,0,NA,104.67,324.45,0,0
"35_1C_05","35_1C","35",56,3.75,0,0,NA,104.67,324.45,0,0
"35_1C_05","35_1C","35",57,3.875,0,0,NA,104.67,324.45,0,0
"35_1C_05","35_1C","35",58,4,0,0,NA,104.67,324.45,0,0
"35_1C_05","35_1C","35",59,4.125,0,0,NA,104.67,324.45,0,0
"35_1C_05","35_1C","35",60,4.25,0,0,NA,104.67,324.45,0,0
"35_1C_05","35_1C","35",61,4.375,0,0,NA,104.67,324.45,0,0
"35_1C_05","35_1C","35",62,4.5,0,0,NA,104.67,324.45,0,0
"35_1C_05","35_1C","35",63,4.625,0,0,NA,104.67,324.45,0,0
"35_1C_05","35_1C","35",64,4.75,0,0,NA,104.67,324.45,0,0
"35_1C_05","35_1C","35",65,4.875,0,0,NA,104.67,324.45,0,0
"35_1C_05","35_1C","35",66,5,0,0,NA,104.67,324.45,0,0
"35_1C_05","35_1C","35",67,5.125,0,0,NA,104.67,324.45,0,0
"35_1C_05","35_1C","35",68,5.25,0,0,NA,104.67,324.45,0,0
"35_1C_05","35_1C","35",69,5.375,0,0,NA,104.67,324.45,0,0
"35_1C_05","35_1C","35",70,5.5,0,0,NA,104.67,324.45,0,0
"35_1C_05","35_1C","35",71,5.625,0,0,NA,104.67,324.45,0,0
"35_1C_05","35_1C","35",72,5.75,0,0,NA,104.67,324.45,0,0
"35_1C_05","35_1C","35",73,5.875,0,0,NA,104.67,324.45,0,0
"35_1C_05","35_1C","35",74,6,0,0,NA,104.67,324.45,0,0
"35_1C_05","35_1C","35",75,6.125,0,0,NA,104.67,324.45,0,0
"35_1C_05","35_1C","35",76,6.25,0,0,NA,104.67,324.45,0,0
"35_1C_05","35_1C","35",77,6.375,0,0,NA,104.67,324.45,0,0
"35_1C_05","35_1C","35",78,6.5,0,0,NA,104.67,324.45,0,0
"35_1C_05","35_1C","35",79,6.625,0,0,NA,104.67,324.45,0,0
"35_1C_05","35_1C","35",80,6.75,0,0,NA,104.67,324.45,0,0
"35_1C_05","35_1C","35",81,6.875,0,0,NA,104.67,324.45,0,0
"35_1C_05","35_1C","35",82,7,0,0,NA,104.67,324.45,0,0
"35_1C_05","35_1C","35",83,7.125,0,0,NA,104.67,324.45,0,0
"35_1C_05","35_1C","35",84,7.25,0,0,NA,104.67,324.45,0,0
"35_1C_05","35_1C","35",85,7.375,0,0,NA,104.67,324.45,0,0
"35_1C_05","35_1C","35",86,7.5,0,0,NA,104.67,324.45,0,0
"35_1C_05","35_1C","35",87,7.625,0,0,NA,104.67,324.45,0,0
"35_1C_05","35_1C","35",88,7.75,0,0,NA,104.67,324.45,0,0
"35_1C_05","35_1C","35",89,7.875,0,0,NA,104.67,324.45,0,0
"35_1C_05","35_1C","35",90,8,0,0,NA,104.67,324.45,0,0
"35_1C_05","35_1C","35",91,8.125,0,0,NA,104.67,324.45,0,0
"35_1C_05","35_1C","35",92,8.25,0,0,NA,104.67,324.45,0,0
"35_1C_05","35_1C","35",93,8.375,0,0,NA,104.67,324.45,0,0
"35_1C_05","35_1C","35",94,8.5,0,0,NA,104.67,324.45,0,0
"35_1C_05","35_1C","35",95,8.625,0,0,NA,104.67,324.45,0,0
"35_1C_05","35_1C","35",96,8.75,0,0,NA,104.67,324.45,0,0
"35_1C_05","35_1C","35",97,8.875,0,0,NA,104.67,324.45,0,0
"35_1C_05","35_1C","35",98,9,0,0,NA,104.67,324.45,0,0
"35_1C_05","35_1C","35",99,9.125,0,0,NA,104.67,324.45,0,0
"35_1C_05","35_1C","35",100,9.25,0,0,NA,104.67,324.45,0,0
"35_1C_05","35_1C","35",101,9.375,0,0,NA,104.67,324.45,0,0
"35_1C_05","35_1C","35",102,9.5,0,0,NA,104.67,324.45,0,0
"35_1C_05","35_1C","35",103,9.625,0,0,NA,104.67,324.45,0,0
"35_1C_05","35_1C","35",104,9.75,0,0,NA,104.67,324.45,0,0
"35_1C_05","35_1C","35",105,9.875,0,0,NA,104.67,324.45,0,0
"35_1C_05","35_1C","35",106,10,0,0,NA,104.67,324.45,0,0
"35_1C_05","35_1C","35",107,10.125,0,0,NA,104.67,324.45,0,0
"35_1C_05","35_1C","35",108,10.25,0,0,NA,104.67,324.45,0,0
"35_1C_05","35_1C","35",109,10.375,0,0,NA,104.67,324.45,0,0
"35_1C_05","35_1C","35",110,10.5,0,0,NA,104.67,324.45,0,0
"35_1C_05","35_1C","35",111,10.625,0,0,NA,104.67,324.45,0,0
"35_1C_05","35_1C","35",112,10.75,0,0,NA,104.67,324.45,0,0
"35_1C_05","35_1C","35",113,10.875,0,0,NA,104.67,324.45,0,0
"35_1C_05","35_1C","35",114,11,0,0,NA,104.67,324.45,0,0
"35_1C_05","35_1C","35",115,11.125,0,0,NA,104.67,324.45,0,0
"35_1C_05","35_1C","35",116,11.25,0,0,NA,104.67,324.45,0,0
"35_1C_05","35_1C","35",117,11.375,0,0,NA,104.67,324.45,0,0
"35_1C_05","35_1C","35",118,11.5,0,0,NA,104.67,324.45,0,0
"35_1C_05","35_1C","35",119,11.625,0,0,NA,104.67,324.45,0,0
"35_1C_05","35_1C","35",120,11.75,0,0,NA,104.67,324.45,0,0
"35_1C_05","35_1C","35",121,11.875,0,0,NA,104.67,324.45,0,0
"35_1C_05","35_1C","35",122,12,0,0,NA,104.67,324.45,0,0
"35_1C_05","35_1C","35",123,12.125,0,0,NA,104.67,324.45,0,0
"35_1C_05","35_1C","35",124,12.25,0,0,NA,104.67,324.45,0,0
"35_1C_05","35_1C","35",125,12.375,0,0,NA,104.67,324.45,0,0
"35_1C_05","35_1C","35",126,12.5,0,0,NA,104.67,324.45,0,0
"35_1C_05","35_1C","35",127,12.625,0,0,NA,104.67,324.45,0,0
"35_1C_05","35_1C","35",128,12.75,0,0,NA,104.67,324.45,0,0
"35_1C_05","35_1C","35",129,12.875,0,0,NA,104.67,324.45,0,0
"35_1C_05","35_1C","35",130,13,0,0,NA,104.67,324.45,0,0
"35_1C_05","35_1C","35",131,13.125,0,0,NA,104.67,324.45,0,0
"35_1C_05","35_1C","35",132,13.25,0,0,NA,104.67,324.45,0,0
"35_1C_05","35_1C","35",133,13.375,0,0,NA,104.67,324.45,0,0
"35_1C_05","35_1C","35",134,13.5,0,0,NA,104.67,324.45,0,0
"35_1C_05","35_1C","35",135,13.625,0,0,NA,104.67,324.45,0,0
"35_1C_05","35_1C","35",136,13.75,0,0,NA,104.67,324.45,0,0
"35_1C_05","35_1C","35",137,13.875,0,0,NA,104.67,324.45,0,0
"35_1C_05","35_1C","35",138,14,0,0,NA,104.67,324.45,0,0
"35_1C_05","35_1C","35",139,14.125,0,0,NA,104.67,324.45,0,0
"35_1C_05","35_1C","35",140,14.25,0,0,NA,104.67,324.45,0,0
"35_1C_05","35_1C","35",141,14.375,0,0,NA,104.67,324.45,0,0
"35_1C_05","35_1C","35",142,14.5,0,0,NA,104.67,324.45,0,0
"35_1C_05","35_1C","35",143,14.625,0,0,NA,104.67,324.45,0,0
"35_1C_05","35_1C","35",144,14.75,0,0,NA,104.67,324.45,0,0
"35_1C_05","35_1C","35",145,14.875,0,0,NA,104.67,324.45,0,0
"35_1C_05","35_1C","35",146,15,0,0,NA,104.67,324.45,0,0
"35_1C_05","35_1C","35",147,15.125,0,1,4.54521751403809,89.77,319.43,15.7229259363517,29.0725999999998
"35_1C_05","35_1C","35",148,15.25,0,1,4.4032998085022,87.93,319.1,1.86935817862708,3.0398
"35_1C_05","35_1C","35",149,15.375,0,1,4.64440011978149,86.26,319.2,1.6729913329124,0
"35_1C_05","35_1C","35",150,15.5,0,0,NA,86.26,319.2,0,0
"35_1C_05","35_1C","35",151,15.625,0,0,NA,86.26,319.2,0,0
"35_1C_05","35_1C","35",152,15.75,0,1,4.30345630645752,81.68,319.35,4.58245567354448,15.8498
"35_1C_05","35_1C","35",153,15.875,0,1,3.61316752433777,78.22,319.37,3.46005780298539,-0.966200000000009
"35_1C_05","35_1C","35",154,16,0,1,3.16227769851685,78.5,319.5,0.308706980808662,-0.136799999999999
"35_1C_05","35_1C","35",155,16.125,0,1,4.33298635482788,77.9,319.74,0.646219776856139,-0.0335999999999917
"35_1C_05","35_1C","35",156,16.25,0,1,4.01123428344727,78,319.85,0.148660687473191,-0.0301000000000044
"35_1C_05","35_1C","35",157,16.375,0,1,3.94565057754517,77.71,319.84,0.290172362570946,-0.0181999999999928
"35_1C_05","35_1C","35",158,16.5,0,1,3.61316752433777,77.78,319.63,0.221359436211769,0
"35_1C_05","35_1C","35",159,16.625,0,1,3.61316752433777,77.78,319.63,0,0
"35_1C_05","35_1C","35",160,16.75,0,1,3.60555124282837,78,319.5,0.255538646783609,0
"35_1C_05","35_1C","35",161,16.875,0,0,NA,78,319.5,0,0
"35_1C_05","35_1C","35",162,17,0,1,3.79621624946594,77.72,319.59,0.294108823397048,-0.0864999999999961
"35_1C_05","35_1C","35",163,17.125,0,1,3.60555124282837,78,319.5,0.294108823397048,-0.0152999999999972
"35_1C_05","35_1C","35",164,17.25,0,1,3.9712381362915,78,319.67,0.170000000000016,0.0237999999999999
"35_1C_05","35_1C","35",165,17.375,0,1,3.63458633422852,77.81,319.81,0.236008474424109,-0.0558999999999935
"35_1C_05","35_1C","35",166,17.5,0,1,3.61316752433777,77.78,319.37,0.441021541423997,-0.0637999999999979
"35_1C_05","35_1C","35",167,17.625,0,1,3.30277562141418,78,319.5,0.255538646783609,0.0896999999999966
"35_1C_05","35_1C","35",168,17.75,0,1,3.10949110984802,78,320.19,0.689999999999998,-0.262199999999996
"35_1C_05","35_1C","35",169,17.875,0,1,3.63458633422852,78.19,319.81,0.424852915724955,-0.136799999999987
"35_1C_05","35_1C","35",170,18,0,1,4.30334234237671,78.15,320.15,0.342344855372448,-0.214999999999977
"35_1C_05","35_1C","35",171,18.125,0,1,3.30277562141418,78,319.5,0.667083203206296,0
"35_1C_05","35_1C","35",172,18.25,0,0,NA,78,319.5,0,0
"35_1C_05","35_1C","35",173,18.375,0,1,4,78,320,0.5,-0.185000000000002
"35_1C_05","35_1C","35",174,18.5,0,1,3.61316752433777,78.22,319.63,0.430464865000621,-0.000600000000001183
"35_1C_05","35_1C","35",175,18.625,0,1,3.61316752433777,77.78,319.37,0.511077293567219,-0.294799999999993
"35_1C_05","35_1C","35",176,18.75,0,1,3.63458633422852,78.19,319.81,0.601414998150192,-0.139499999999992
"35_1C_05","35_1C","35",177,18.875,0,1,3.9712381362915,78,319.67,0.236008474424109,0.016500000000003
"35_1C_05","35_1C","35",178,19,0,1,3.63458633422852,77.81,319.81,0.236008474424109,0.0155000000000036
"35_1C_05","35_1C","35",179,19.125,0,1,3.16227769851685,77.5,319.5,0.438406204335663,-0.192200000000003
"35_1C_05","35_1C","35",180,19.25,0,1,3.63458633422852,77.81,319.81,0.438406204335663,0.0712999999999974
"35_1C_05","35_1C","35",181,19.375,0,1,3.61316752433777,78.22,319.63,0.447772263544762,0
"35_1C_05","35_1C","35",182,19.5,0,0,NA,78.22,319.63,0,0
"35_1C_05","35_1C","35",183,19.625,0,1,4,78,320,0.430464865000621,-0.185300000000003
"35_1C_05","35_1C","35",184,19.75,0,1,3.61316752433777,78.22,319.63,0.430464865000621,-0.156800000000002
"35_1C_05","35_1C","35",185,19.875,0,1,3.63458633422852,77.81,319.81,0.447772263544762,0
"35_1C_05","35_1C","35",186,20,0,1,3.63458633422852,77.81,319.81,0,0
"35_1C_05","35_1C","35",187,20.125,0,1,3.60555124282837,78,319.5,0.363593179253958,-0.0015000000000004
"35_1C_05","35_1C","35",188,20.25,0,1,3.61316752433777,77.78,319.37,0.255538646783609,-0.0777999999999986
"35_1C_05","35_1C","35",189,20.375,0,1,4.30334234237671,77.85,319.85,0.485077313425413,0.0209999999999987
"35_1C_05","35_1C","35",190,20.5,0,1,4.30334234237671,78.15,319.85,0.300000000000011,-0.0450000000000034
"35_1C_05","35_1C","35",191,20.625,0,1,3.9712381362915,78,319.67,0.234307490277209,0.030600000000004
"35_1C_05","35_1C","35",192,20.75,0,1,3.60555124282837,78,319.5,0.170000000000016,-0.0289000000000054
"35_1C_05","35_1C","35",193,20.875,0,1,3.9712381362915,78,319.67,0.170000000000016,-0.0289000000000054
"35_1C_05","35_1C","35",194,21,0,1,3.60555124282837,78,319.5,0.170000000000016,0
"35_1C_05","35_1C","35",195,21.125,0,1,3.60555124282837,78,319.5,0,0
"35_1C_05","35_1C","35",196,21.25,0,1,3.61316752433777,77.37,319.78,0.689420046125712,4.05019999999991
"35_1C_05","35_1C","35",197,21.375,0,1,4.3159761428833,72.31,322.86,5.92368128784798,33.0836000000001
"35_1C_05","35_1C","35",198,21.5,0,1,3.63458633422852,67.19,325.19,5.62523777275236,31.1395999999999
"35_1C_05","35_1C","35",199,21.625,0,1,4.01123428344727,62,327.15,5.54776531587268,0
"35_1C_05","35_1C","35",200,21.75,0,0,NA,62,327.15,0,0
"35_1C_05","35_1C","35",201,21.875,0,0,NA,62,327.15,0,0
"35_1C_05","35_1C","35",202,22,0,1,4.53220129013062,56.67,331.84,7.09964787859229,11.4205
"35_1C_05","35_1C","35",203,22.125,0,1,4.08501148223877,55.9,333.4,1.73968387932981,-0.819499999999932
"35_1C_05","35_1C","35",204,22.25,0,1,4.30334234237671,55.85,332.85,0.552268050859318,-0.172499999999961
"35_1C_05","35_1C","35",205,22.375,0,1,4.01123428344727,56,333.15,0.335410196624927,-0.0374999999999996
"35_1C_05","35_1C","35",206,22.5,0,1,4.32312631607056,55.75,333.15,0.25,-0.0374999999999996
"35_1C_05","35_1C","35",207,22.625,0,1,4.08501148223877,55.9,333.4,0.291547594742264,-0.0849999999999942
"35_1C_05","35_1C","35",208,22.75,0,1,4,56,333,0.412310562561744,-0.144000000000002
"35_1C_05","35_1C","35",209,22.875,0,1,3.71467113494873,55.72,333.29,0.403112887414943,-0.164000000000009
"35_1C_05","35_1C","35",210,23,0,1,4.30334234237671,55.85,332.85,0.458802789878177,-0.0464999999999895
"35_1C_05","35_1C","35",211,23.125,0,1,4,56,333,0.212132034355947,0
"35_1C_05","35_1C","35",212,23.25,0,0,NA,56,333,0,0
"35_1C_05","35_1C","35",213,23.375,0,1,4,56,333,0,0
"35_1C_05","35_1C","35",214,23.5,0,1,4.01123428344727,56,333.15,0.149999999999977,0.0105000000000059
"35_1C_05","35_1C","35",215,23.625,0,1,3.61316752433777,55.37,333.22,0.633876959669627,0.123200000000018
"35_1C_05","35_1C","35",216,23.75,0,1,3.61316752433777,55.22,333.63,0.436577599058831,-0.0180999999999931
"35_1C_05","35_1C","35",217,23.875,0,1,3.72684335708618,55.45,333.67,0.233452350598582,0.105699999999989
"35_1C_05","35_1C","35",218,24,0,1,4.01123428344727,56,333.15,0.756901578806675,0
"35_1C_05","35_1C","35",219,24.125,0,1,4.01123428344727,56,333.15,0,0
"35_1C_05","35_1C","35",220,24.25,0,1,4,56,333,0.149999999999977,0.0224999999999932
"35_1C_05","35_1C","35",221,24.375,0,1,4.30334234237671,55.85,332.85,0.212132034355947,0.0225000000000068
"35_1C_05","35_1C","35",222,24.5,0,1,3.94565057754517,55.71,332.84,0.140356688476186,-0.0632000000000078
"35_1C_05","35_1C","35",223,24.625,0,1,4.01123428344727,56.15,333,0.468187996428791,0
"35_1C_05","35_1C","35",224,24.75,0,0,NA,56.15,333,0,0
"35_1C_05","35_1C","35",225,24.875,0,0,NA,56.15,333,0,0
"35_1C_05","35_1C","35",226,25,0,0,NA,56.15,333,0,0
"35_1C_05","35_1C","35",227,25.125,0,0,NA,56.15,333,0,0
"35_1C_05","35_1C","35",228,25.25,0,0,NA,56.15,333,0,0
"35_1C_05","35_1C","35",229,25.375,0,0,NA,56.15,333,0,0
"35_1C_05","35_1C","35",230,25.5,0,0,NA,56.15,333,0,0
"35_1C_05","35_1C","35",231,25.625,0,0,NA,56.15,333,0,0
"35_1C_05","35_1C","35",232,25.75,0,0,NA,56.15,333,0,0
"35_1C_05","35_1C","35",233,25.875,0,0,NA,56.15,333,0,0
"35_1C_05","35_1C","35",234,26,0,0,NA,56.15,333,0,0
"35_1C_05","35_1C","35",235,26.125,0,0,NA,56.15,333,0,0
"35_1C_05","35_1C","35",236,26.25,0,0,NA,56.15,333,0,0
"35_1C_05","35_1C","35",237,26.375,0,0,NA,56.15,333,0,0
"35_1C_05","35_1C","35",238,26.5,0,0,NA,56.15,333,0,0
"35_1C_05","35_1C","35",239,26.625,0,0,NA,56.15,333,0,0
"35_1C_05","35_1C","35",240,26.75,0,0,NA,56.15,333,0,0
"35_1C_05","35_1C","35",241,26.875,0,0,NA,56.15,333,0,0
"35_1C_05","35_1C","35",242,27,0,0,NA,56.15,333,0,0
"35_1C_05","35_1C","35",243,27.125,0,0,NA,56.15,333,0,0
"35_1C_05","35_1C","35",244,27.25,0,0,NA,56.15,333,0,0
"35_1C_05","35_1C","35",245,27.375,0,0,NA,56.15,333,0,0
"35_1C_05","35_1C","35",246,27.5,0,0,NA,56.15,333,0,0
"35_1C_05","35_1C","35",247,27.625,0,0,NA,56.15,333,0,0
"35_1C_05","35_1C","35",248,27.75,0,0,NA,56.15,333,0,0
"35_1C_05","35_1C","35",249,27.875,0,0,NA,56.15,333,0,0
"35_1C_05","35_1C","35",250,28,0,0,NA,56.15,333,0,0
"35_1C_05","35_1C","35",251,28.125,0,0,NA,56.15,333,0,0
"35_1C_05","35_1C","35",252,28.25,0,0,NA,56.15,333,0,0
"35_1C_05","35_1C","35",253,28.375,0,0,NA,56.15,333,0,0
"35_1C_05","35_1C","35",254,28.5,0,0,NA,56.15,333,0,0
"35_1C_05","35_1C","35",255,28.625,0,0,NA,56.15,333,0,0
"35_1C_05","35_1C","35",256,28.75,0,0,NA,56.15,333,0,0
"35_1C_05","35_1C","35",257,28.875,0,0,NA,56.15,333,0,0
"35_1C_05","35_1C","35",258,29,0,0,NA,56.15,333,0,0
"35_1C_05","35_1C","35",259,29.125,0,0,NA,56.15,333,0,0
"35_1C_05","35_1C","35",260,29.25,0,0,NA,56.15,333,0,0
"35_1C_05","35_1C","35",261,29.375,0,0,NA,56.15,333,0,0
"35_1C_05","35_1C","35",262,29.5,0,0,NA,56.15,333,0,0
"35_1C_05","35_1C","35",263,29.625,0,0,NA,56.15,333,0,0
"35_1C_05","35_1C","35",264,29.75,0,0,NA,56.15,333,0,0
"35_1C_05","35_1C","35",265,29.875,0,0,NA,56.15,333,0,0
"35_1C_05","35_1C","35",266,30,0,0,NA,56.15,333,0,0
"35_1C_05","35_1C","35",267,30.125,0,0,NA,56.15,333,0,0
"35_1C_05","35_1C","35",268,30.25,0,0,NA,56.15,333,0,0
"35_1C_05","35_1C","35",269,30.375,0,0,NA,56.15,333,0,0
"35_1C_05","35_1C","35",270,30.5,0,0,NA,56.15,333,0,0
"35_1C_05","35_1C","35",271,30.625,0,0,NA,56.15,333,0,0
"35_1C_05","35_1C","35",272,30.75,0,0,NA,56.15,333,0,0
"35_1C_05","35_1C","35",273,30.875,0,0,NA,56.15,333,0,0
"35_1C_05","35_1C","35",274,31,0,0,NA,56.15,333,0,0
"35_1C_05","35_1C","35",275,31.125,0,0,NA,56.15,333,0,0
"35_1C_05","35_1C","35",276,31.25,0,0,NA,56.15,333,0,0
"35_1C_05","35_1C","35",277,31.375,0,0,NA,56.15,333,0,0
"35_1C_05","35_1C","35",278,31.5,0,0,NA,56.15,333,0,0
"35_1C_05","35_1C","35",279,31.625,0,0,NA,56.15,333,0,0
"35_1C_05","35_1C","35",280,31.75,0,0,NA,56.15,333,0,0
"35_1C_05","35_1C","35",281,31.875,0,0,NA,56.15,333,0,0
"35_1C_05","35_1C","35",282,32,0,0,NA,56.15,333,0,0
"35_1C_05","35_1C","35",283,32.125,0,0,NA,56.15,333,0,0
"35_1C_05","35_1C","35",284,32.25,0,0,NA,56.15,333,0,0
"35_1C_05","35_1C","35",285,32.375,0,0,NA,56.15,333,0,0
"35_1C_05","35_1C","35",286,32.5,0,0,NA,56.15,333,0,0
"35_1C_05","35_1C","35",287,32.625,0,0,NA,56.15,333,0,0
"35_1C_05","35_1C","35",288,32.75,0,0,NA,56.15,333,0,0
"35_1C_05","35_1C","35",289,32.875,0,0,NA,56.15,333,0,0
"35_1C_05","35_1C","35",290,33,0,0,NA,56.15,333,0,0
"35_1C_05","35_1C","35",291,33.125,0,0,NA,56.15,333,0,0
"35_1C_05","35_1C","35",292,33.25,0,0,NA,56.15,333,0,0
"35_1C_05","35_1C","35",293,33.375,0,0,NA,56.15,333,0,0
"35_1C_05","35_1C","35",294,33.5,0,0,NA,56.15,333,0,0
"35_1C_05","35_1C","35",295,33.625,0,0,NA,56.15,333,0,0
"35_1C_05","35_1C","35",296,33.75,0,0,NA,56.15,333,0,0
"35_1C_05","35_1C","35",297,33.875,0,0,NA,56.15,333,0,0
"35_1C_05","35_1C","35",298,34,0,0,NA,56.15,333,0,0
"35_1C_05","35_1C","35",299,34.125,0,0,NA,56.15,333,0,0
"35_1C_05","35_1C","35",300,34.25,0,0,NA,56.15,333,0,0
"35_1C_05","35_1C","35",301,34.375,0,0,NA,56.15,333,0,0
"35_1C_05","35_1C","35",302,34.5,0,1,4.56155300140381,54,336.5,4.10761487970817,10.45
"35_1C_05","35_1C","35",303,34.625,0,1,4.73271036148071,52.9,338.81,2.55853473691486,5.50550000000003
"35_1C_05","35_1C","35",304,34.75,0,1,4.57052564620972,52.2,340.86,2.16621790224346,3.24600000000001
"35_1C_05","35_1C","35",305,34.875,0,1,4.62220525741577,51.78,342.3,1.5,-0.314400000000015
"35_1C_05","35_1C","35",306,35,0,1,3.60555124282837,51.5,342,0.410365690573673,-0.0587999999999939
"35_1C_05","35_1C","35",307,35.125,0,1,3.79621624946594,51.41,342.28,0.29410882339703,0.053500000000001
"35_1C_05","35_1C","35",308,35.25,0,1,4.24264049530029,51.5,342.5,0.237697286480121,0.0234000000000007
"35_1C_05","35_1C","35",309,35.375,0,1,4.60857009887695,51.76,342.5,0.259999999999998,0.0312000000000009
"35_1C_05","35_1C","35",310,35.5,0,1,4.46820449829102,51.88,342.2,0.323109888428082,-0.080399999999999
"35_1C_05","35_1C","35",311,35.625,0,1,3.79621624946594,51.41,342.28,0.476759897642412,0.126600000000007
"35_1C_05","35_1C","35",312,35.75,0,1,4.29617643356323,51.11,342.1,0.34985711369069,-0.291599999999969
"35_1C_05","35_1C","35",313,35.875,0,1,4.8228497505188,51.8,342.57,0.834865258589654,-0.118699999999988
"35_1C_05","35_1C","35",314,36,0,1,4.46820449829102,51.88,342.2,0.37854986461496,0.025799999999987
"35_1C_05","35_1C","35",315,36.125,0,1,4.33298635482788,51.74,342.1,0.172046505340833,0
"35_1C_05","35_1C","35",316,36.25,0,1,4.33298635482788,51.74,342.1,0,0
"35_1C_05","35_1C","35",317,36.375,0,1,4.33298635482788,51.74,342.1,0,0
"35_1C_05","35_1C","35",318,36.5,0,1,4.33298635482788,51.74,342.1,0,0
"35_1C_05","35_1C","35",319,36.625,0,1,4.33298635482788,51.74,342.1,0,0
"35_1C_05","35_1C","35",320,36.75,0,1,4.33298635482788,51.74,342.1,0,0
"35_1C_05","35_1C","35",321,36.875,0,1,3.60555124282837,51.5,342,0.260000000000011,0.0408000000000007
"35_1C_05","35_1C","35",322,37,0,1,3.9712381362915,51.33,342,0.170000000000002,-0.0646000000000011
"35_1C_05","35_1C","35",323,37.125,0,1,3.94565057754517,51.71,341.84,0.412310562561778,-0.0207999999999977
"35_1C_05","35_1C","35",324,37.25,0,1,3.61316752433777,51.63,341.78,0.1,-0.0230000000000015
"35_1C_05","35_1C","35",325,37.375,0,1,3.9712381362915,52,341.67,0.386005181312361,-0.148999999999989
"35_1C_05","35_1C","35",326,37.5,0,1,3.61316752433777,51.63,341.78,0.386005181312361,0
"35_1C_05","35_1C","35",327,37.625,0,1,3.61316752433777,51.63,341.78,0,0
"35_1C_05","35_1C","35",328,37.75,0,0,NA,51.63,341.78,0,0
"35_1C_05","35_1C","35",329,37.875,0,1,3.72725701332092,51.37,341.85,0.269258240356743,-0.174899999999992
"35_1C_05","35_1C","35",330,38,0,1,4.29617643356323,52.11,342.1,0.781088983407142,-0.188900000000002
"35_1C_05","35_1C","35",331,38.125,0,1,3.9712381362915,52,341.67,0.443846820423449,0
"35_1C_05","35_1C","35",332,38.25,0,0,NA,52,341.67,0,0
"35_1C_05","35_1C","35",333,38.375,0,0,NA,52,341.67,0,0
"35_1C_05","35_1C","35",334,38.5,0,0,NA,52,341.67,0,0
"35_1C_05","35_1C","35",335,38.625,0,1,3.72684335708618,51.67,341.55,0.351140997321589,-0.1233
"35_1C_05","35_1C","35",336,38.75,0,1,3.9712381362915,52,341.67,0.351140997321589,-0.0342000000000005
"35_1C_05","35_1C","35",337,38.875,0,1,3.84965634346008,51.7,342.21,0.617737808459187,0
"35_1C_05","35_1C","35",338,39,0,0,NA,51.7,342.21,0,0
"35_1C_05","35_1C","35",339,39.125,0,1,3.61316752433777,51.63,341.78,0.435660418215846,0
"35_1C_05","35_1C","35",340,39.25,0,0,NA,51.63,341.78,0,0
"35_1C_05","35_1C","35",341,39.375,0,1,3.9712381362915,52,341.67,0.386005181312361,0
"35_1C_05","35_1C","35",342,39.5,0,0,NA,52,341.67,0,0
"35_1C_05","35_1C","35",343,39.625,0,1,3.63458633422852,51.81,341.81,0.236008474424109,0.0155000000000036
"35_1C_05","35_1C","35",344,39.75,0,1,3.16227769851685,51.5,341.5,0.438406204335663,-1.0478
"35_1C_05","35_1C","35",345,39.875,0,1,4.49510526657104,50.74,345.64,4.20918044279405,-1.52499999999985
"35_1C_05","35_1C","35",346,40,0,1,3.94565057754517,50.84,345.29,0.364005494463993,-0.132499999999976
"35_1C_05","35_1C","35",347,40.125,0,1,4.49510526657104,50.74,345.64,0.364005494463993,0.149999999999993
"35_1C_05","35_1C","35",348,40.25,0,1,3.60555124282837,50.5,346,0.432666153055691,-0.137999999999995
"35_1C_05","35_1C","35",349,40.375,0,1,4.30334234237671,50.85,345.85,0.380788655293188,-0.134500000000006
"35_1C_05","35_1C","35",350,40.5,0,1,3.79621624946594,50.41,345.72,0.458802789878182,0
"35_1C_05","35_1C","35",351,40.625,0,0,NA,50.41,345.72,0,0
"35_1C_05","35_1C","35",352,40.75,0,1,4.00222158432007,50.56,346.25,0.550817574156792,-0.29629999999999
"35_1C_05","35_1C","35",353,40.875,0,1,4.49510526657104,50.74,345.64,0.636003144646327,0
"35_1C_05","35_1C","35",354,41,0,1,4.49510526657104,50.74,345.64,0,0
"35_1C_05","35_1C","35",355,41.125,0,1,3.60555124282837,50.5,346,0.432666153055691,-0.137999999999995
"35_1C_05","35_1C","35",356,41.25,0,1,4.30334234237671,50.85,345.85,0.380788655293188,0
"35_1C_05","35_1C","35",357,41.375,0,1,4.30334234237671,50.85,345.85,0,0
"35_1C_05","35_1C","35",358,41.5,0,1,4.30334234237671,50.85,345.85,0,0
"35_1C_05","35_1C","35",359,41.625,0,1,4.30334234237671,50.85,345.85,0,0
"35_1C_05","35_1C","35",360,41.75,0,1,3.79621624946594,50.41,345.72,0.458802789878182,-0.210500000000003
"35_1C_05","35_1C","35",361,41.875,0,1,4.30334234237671,50.85,345.85,0.458802789878182,-0.210500000000003
"35_1C_05","35_1C","35",362,42,0,1,3.79621624946594,50.41,345.72,0.458802789878182,-0.0759999999999971
"35_1C_05","35_1C","35",363,42.125,0,1,3.60555124282837,50.5,346,0.29410882339703,-0.0104999999999882
"35_1C_05","35_1C","35",364,42.25,0,1,4.30334234237671,50.85,345.85,0.380788655293188,0
"35_1C_05","35_1C","35",365,42.375,0,1,4.30334234237671,50.85,345.85,0,0
"35_1C_05","35_1C","35",366,42.5,0,1,3.9712381362915,50.67,346,0.234307490277185,0.0306000000000003
"35_1C_05","35_1C","35",367,42.625,0,1,3.60555124282837,50.5,346,0.170000000000002,-0.0595000000000008
"35_1C_05","35_1C","35",368,42.75,0,1,4.30334234237671,50.85,345.85,0.380788655293188,0
"35_1C_05","35_1C","35",369,42.875,0,1,4.30334234237671,50.85,345.85,0,0
"35_1C_05","35_1C","35",370,43,0,1,4.30334234237671,50.85,345.85,0,0
"35_1C_05","35_1C","35",371,43.125,0,1,3.60555124282837,50.5,346,0.380788655293188,-0.144999999999994
"35_1C_05","35_1C","35",372,43.25,0,1,4.30334234237671,50.85,345.85,0.380788655293188,0
"35_1C_05","35_1C","35",373,43.375,0,1,4.30334234237671,50.85,345.85,0,0
"35_1C_05","35_1C","35",374,43.5,0,0,NA,50.85,345.85,0,0
"35_1C_05","35_1C","35",375,43.625,0,1,3.79621624946594,50.41,345.72,0.458802789878182,0
"35_1C_05","35_1C","35",376,43.75,0,0,NA,50.41,345.72,0,0
"35_1C_05","35_1C","35",377,43.875,0,0,NA,50.41,345.72,0,0
"35_1C_05","35_1C","35",378,44,0,0,NA,50.41,345.72,0,0
"35_1C_05","35_1C","35",379,44.125,0,0,NA,50.41,345.72,0,0
"35_1C_05","35_1C","35",380,44.25,0,0,NA,50.41,345.72,0,0
"35_1C_05","35_1C","35",381,44.375,0,0,NA,50.41,345.72,0,0
"35_1C_05","35_1C","35",382,44.5,0,0,NA,50.41,345.72,0,0
"35_1C_05","35_1C","35",383,44.625,0,0,NA,50.41,345.72,0,0
"35_1C_05","35_1C","35",384,44.75,0,0,NA,50.41,345.72,0,0
"35_1C_05","35_1C","35",385,44.875,0,0,NA,50.41,345.72,0,0
"35_1C_05","35_1C","35",386,45,0,0,NA,50.41,345.72,0,0
"35_1C_05","35_1C","35",387,45.125,0,0,NA,50.41,345.72,0,0
"35_1C_05","35_1C","35",388,45.25,0,0,NA,50.41,345.72,0,0
"35_1C_05","35_1C","35",389,45.375,0,0,NA,50.41,345.72,0,0
"35_1C_05","35_1C","35",390,45.5,0,0,NA,50.41,345.72,0,0
"35_1C_05","35_1C","35",391,45.625,0,0,NA,50.41,345.72,0,0
"35_1C_05","35_1C","35",392,45.75,0,0,NA,50.41,345.72,0,0
"35_1C_05","35_1C","35",393,45.875,0,0,NA,50.41,345.72,0,0
"35_1C_05","35_1C","35",394,46,0,0,NA,50.41,345.72,0,0
"35_1C_05","35_1C","35",395,46.125,0,0,NA,50.41,345.72,0,0
"35_1C_05","35_1C","35",396,46.25,0,0,NA,50.41,345.72,0,0
"35_1C_05","35_1C","35",397,46.375,0,0,NA,50.41,345.72,0,0
"35_1C_05","35_1C","35",398,46.5,0,0,NA,50.41,345.72,0,0
"35_1C_05","35_1C","35",399,46.625,0,0,NA,50.41,345.72,0,0
"35_1C_05","35_1C","35",400,46.75,0,0,NA,50.41,345.72,0,0
"35_1C_05","35_1C","35",401,46.875,0,0,NA,50.41,345.72,0,0
"35_1C_05","35_1C","35",402,47,0,0,NA,50.41,345.72,0,0
"35_1C_05","35_1C","35",403,47.125,0,0,NA,50.41,345.72,0,0
"35_1C_05","35_1C","35",404,47.25,0,0,NA,50.41,345.72,0,0
"35_1C_05","35_1C","35",405,47.375,0,0,NA,50.41,345.72,0,0
"35_1C_05","35_1C","35",406,47.5,0,0,NA,50.41,345.72,0,0
"35_1C_05","35_1C","35",407,47.625,0,0,NA,50.41,345.72,0,0
"35_1C_05","35_1C","35",408,47.75,0,0,NA,50.41,345.72,0,0
"35_1C_05","35_1C","35",409,47.875,0,0,NA,50.41,345.72,0,0
"35_1C_05","35_1C","35",410,48,0,0,NA,50.41,345.72,0,0
"35_1C_05","35_1C","35",411,48.125,0,0,NA,50.41,345.72,0,0
"35_1C_05","35_1C","35",412,48.25,0,0,NA,50.41,345.72,0,0
"35_1C_05","35_1C","35",413,48.375,0,0,NA,50.41,345.72,0,0
"35_1C_05","35_1C","35",414,48.5,0,0,NA,50.41,345.72,0,0
"35_1C_05","35_1C","35",415,48.625,0,0,NA,50.41,345.72,0,0
"35_1C_05","35_1C","35",416,48.75,0,0,NA,50.41,345.72,0,0
"35_1C_05","35_1C","35",417,48.875,0,0,NA,50.41,345.72,0,0
"35_1C_05","35_1C","35",418,49,0,0,NA,50.41,345.72,0,0
"35_1C_05","35_1C","35",419,49.125,0,0,NA,50.41,345.72,0,0
"35_1C_05","35_1C","35",420,49.25,0,0,NA,50.41,345.72,0,0
"35_1C_05","35_1C","35",421,49.375,0,0,NA,50.41,345.72,0,0
"35_1C_05","35_1C","35",422,49.5,0,0,NA,50.41,345.72,0,0
"35_1C_05","35_1C","35",423,49.625,0,1,3.60555124282837,50.5,349,3.281234523773,23.6230999999999
"35_1C_05","35_1C","35",424,49.75,0,1,5.14254474639893,49.85,356.22,7.24919995585723,35.3890999999999
"35_1C_05","35_1C","35",425,49.875,0,1,5,48.5,361,4.96698097439478,21.7437999999998
"35_1C_05","35_1C","35",426,50,0,1,3.84965634346008,47.3,365.21,4.37768203505004,16.9159
"35_1C_05","35_1C","35",427,50.125,0,1,5,46.5,369,3.873512617767,0
"35_1C_05","35_1C","35",428,50.25,0,1,5,46.5,369,0,0
"35_1C_05","35_1C","35",429,50.375,0,1,5,46.5,369,0,0
"35_1C_05","35_1C","35",430,50.5,0,1,3.79621624946594,46.41,370.28,1.28316016147632,2.39680000000001
"35_1C_05","35_1C","35",431,50.625,0,1,3.61316752433777,47.37,372.22,2.1645322820416,1.63799999999999
"35_1C_05","35_1C","35",432,50.75,0,1,3.60555124282837,47.5,373,0.790759128938742,-0.154700000000015
"35_1C_05","35_1C","35",433,50.875,0,1,3.61316752433777,47.63,372.78,0.255538646783638,-0.146700000000026
"35_1C_05","35_1C","35",434,51,0,1,3.57600021362305,47.72,373.5,0.725603197346896,-0.170100000000025
"35_1C_05","35_1C","35",435,51.125,0,1,3.79621624946594,47.59,373.28,0.255538646783634,0
"35_1C_05","35_1C","35",436,51.25,0,1,3.79621624946594,47.59,373.28,0,0
"35_1C_05","35_1C","35",437,51.375,0,1,3.79621624946594,47.59,373.28,0,0
"35_1C_05","35_1C","35",438,51.5,0,1,4.30345630645752,47.65,373.68,0.404474968323167,-0.163600000000027
"35_1C_05","35_1C","35",439,51.625,0,1,3.79621624946594,47.59,373.28,0.404474968323167,0
"35_1C_05","35_1C","35",440,51.75,0,1,3.79621624946594,47.59,373.28,0,0
"35_1C_05","35_1C","35",441,51.875,0,1,3.60555124282837,47.5,373,0.29410882339703,0.110699999999984
"35_1C_05","35_1C","35",442,52,0,1,3.72684335708618,47.67,372.55,0.481040538832218,0.107900000000014
"35_1C_05","35_1C","35",443,52.125,0,1,3.79621624946594,47.59,372.28,0.281602556806611,-0.112800000000024
"35_1C_05","35_1C","35",444,52.25,0,1,4.30345630645752,47.65,372.68,0.404474968323167,-0.0810000000000081
"35_1C_05","35_1C","35",445,52.375,0,1,4.24264049530029,47.5,372.5,0.234307490277204,0.026100000000006
"35_1C_05","35_1C","35",446,52.5,0,1,3.79621624946594,47.59,372.28,0.237697286480121,0
"35_1C_05","35_1C","35",447,52.625,0,0,NA,47.59,372.28,0,0
"35_1C_05","35_1C","35",448,52.75,0,1,4.1309289932251,47.63,373,0.721110255092825,0.354800000000014
"35_1C_05","35_1C","35",449,52.875,0,1,4.24264049530029,47.5,373.5,0.51662365412358,-0.25
"35_1C_05","35_1C","35",450,53,0,1,3.86432838439941,47.5,373,0.5,-0.139999999999986
"35_1C_05","35_1C","35",451,53.125,0,1,3.79621624946594,47.59,373.28,0.29410882339703,-0.0864999999999853
"35_1C_05","35_1C","35",452,53.25,0,2,3.60555124282837,47.5,373,0.29410882339703,0
"35_1C_05","35_1C","35",453,53.375,0,1,3.86432838439941,47.5,373,0,0
"35_1C_05","35_1C","35",454,53.5,0,1,4.27798509597778,47.73,373.25,0.339705755029258,-0.0169000000000036
"35_1C_05","35_1C","35",455,53.625,0,1,3.84965634346008,47.7,373.21,0.0500000000000128,0.0152000000000039
"35_1C_05","35_1C","35",456,53.75,0,1,3.79097533226013,47.58,372.92,0.313847096529472,0
"35_1C_05","35_1C","35",457,53.875,0,0,NA,47.58,372.92,0,0
"35_1C_05","35_1C","35",458,54,0,1,3.79621624946594,47.59,373.28,0.360138862107339,-0.101699999999979
"35_1C_05","35_1C","35",459,54.125,0,1,3.60555124282837,47.5,373,0.29410882339703,-0.0864999999999853
"35_1C_05","35_1C","35",460,54.25,0,1,3.79621624946594,47.59,373.28,0.29410882339703,-0.156799999999969
"35_1C_05","35_1C","35",461,54.375,0,1,3.79621624946594,47.59,372.72,0.559999999999945,-0.313599999999939
"35_1C_05","35_1C","35",462,54.5,0,1,3.79621624946594,47.59,373.28,0.559999999999945,-0.0391999999999924
"35_1C_05","35_1C","35",463,54.625,0,1,3.84965634346008,47.7,373.21,0.130384048104049,-0.00730000000000306
"35_1C_05","35_1C","35",464,54.75,0,1,3.86432838439941,47.5,373,0.289999999999987,-0.0840999999999925
"35_1C_05","35_1C","35",465,54.875,0,1,3.84965634346008,47.7,373.21,0.289999999999987,0
"35_1C_05","35_1C","35",466,55,0,1,3.84965634346008,47.7,373.21,0,0
"35_1C_05","35_1C","35",467,55.125,0,1,3.60555124282837,47.5,373,0.289999999999987,0.0767999999999895
"35_1C_05","35_1C","35",468,55.25,0,1,3.79621624946594,47.41,372.72,0.29410882339703,0
"35_1C_05","35_1C","35",469,55.375,0,0,NA,47.41,372.72,0,0
"35_1C_05","35_1C","35",470,55.5,0,0,NA,47.41,372.72,0,0
"35_1C_05","35_1C","35",471,55.625,0,0,NA,47.41,372.72,0,0
"35_1C_05","35_1C","35",472,55.75,0,0,NA,47.41,372.72,0,0
"35_1C_05","35_1C","35",473,55.875,0,0,NA,47.41,372.72,0,0
"35_1C_05","35_1C","35",474,56,0,0,NA,47.41,372.72,0,0
"35_1C_05","35_1C","35",475,56.125,0,0,NA,47.41,372.72,0,0
"35_1C_05","35_1C","35",476,56.25,0,0,NA,47.41,372.72,0,0
"35_1C_05","35_1C","35",477,56.375,0,0,NA,47.41,372.72,0,0
"35_1C_05","35_1C","35",478,56.5,0,0,NA,47.41,372.72,0,0
"35_1C_05","35_1C","35",479,56.625,0,0,NA,47.41,372.72,0,0
"35_1C_05","35_1C","35",480,56.75,0,0,NA,47.41,372.72,0,0
"35_1C_05","35_1C","35",481,56.875,0,0,NA,47.41,372.72,0,0
"35_1C_05","35_1C","35",482,57,0,0,NA,47.41,372.72,0,0
"35_1C_05","35_1C","35",483,57.125,0,0,NA,47.41,372.72,0,0
"35_1C_05","35_1C","35",484,57.25,0,0,NA,47.41,372.72,0,0
"35_1C_05","35_1C","35",485,57.375,0,0,NA,47.41,372.72,0,0
"35_1C_05","35_1C","35",486,57.5,0,0,NA,47.41,372.72,0,0
"35_1C_05","35_1C","35",487,57.625,0,0,NA,47.41,372.72,0,0
"35_1C_05","35_1C","35",488,57.75,0,0,NA,47.41,372.72,0,0
"35_1C_05","35_1C","35",489,57.875,0,0,NA,47.41,372.72,0,0
"35_1C_05","35_1C","35",490,58,0,0,NA,47.41,372.72,0,0
"35_1C_05","35_1C","35",491,58.125,0,0,NA,47.41,372.72,0,0
"35_1C_05","35_1C","35",492,58.25,0,0,NA,47.41,372.72,0,0
"35_1C_05","35_1C","35",493,58.375,0,0,NA,47.41,372.72,0,0
"35_1C_05","35_1C","35",494,58.5,0,0,NA,47.41,372.72,0,0
"35_1C_05","35_1C","35",495,58.625,0,0,NA,47.41,372.72,0,0
"35_1C_05","35_1C","35",496,58.75,0,0,NA,47.41,372.72,0,0
"35_1C_05","35_1C","35",497,58.875,0,0,NA,47.41,372.72,0,0
"35_1C_05","35_1C","35",498,59,0,0,NA,47.41,372.72,0,0
"35_1C_05","35_1C","35",499,59.125,0,0,NA,47.41,372.72,0,0
"35_1C_05","35_1C","35",500,59.25,0,0,NA,47.41,372.72,0,0
"35_1C_05","35_1C","35",501,59.375,0,0,NA,47.41,372.72,0,0
"35_1C_05","35_1C","35",502,59.5,0,2,3.65028142929077,47.41,372.72,0,0
"35_1C_05","35_1C","35",503,59.625,1,9,3.30277562141418,27.5,356,25.9993557612492,-385.539621620178
"35_1C_05","35_1C","35",504,59.75,1,7,3.79621624946594,41.5942039489746,362.275360107422,15.4281149021231,-250.134714208187
"35_1C_05","35_1C","35",505,59.875,1,9,3.61316752433777,27.6274509429932,353.784301757812,16.3452825434913,-1662.9275873261
"35_1C_05","35_1C","35",506,60,1,2,3.60555124282837,142,361.5,114.632508378566,-1844.9416437149
"35_1C_05","35_1C","35",507,60.125,1,3,3.16227769851685,128.5,322.5,41.2704494765928,0
"35_1C_05","35_1C","35",508,60.25,1,0,NA,128.5,322.5,0,0
"35_1C_05","35_1C","35",509,60.375,1,0,NA,128.5,322.5,0,0
"35_1C_05","35_1C","35",510,60.5,1,0,NA,128.5,322.5,0,0
"35_1C_05","35_1C","35",511,60.625,0,0,NA,128.5,322.5,0,0
"35_1C_05","35_1C","35",512,60.75,0,0,NA,128.5,322.5,0,0
"35_1C_05","35_1C","35",513,60.875,0,0,NA,128.5,322.5,0,0
"35_1C_05","35_1C","35",514,61,0,0,NA,128.5,322.5,0,0
"35_1C_05","35_1C","35",515,61.125,0,0,NA,128.5,322.5,0,0
"35_1C_05","35_1C","35",516,61.25,0,0,NA,128.5,322.5,0,0
"35_1C_05","35_1C","35",517,61.375,0,0,NA,128.5,322.5,0,0
"35_1C_05","35_1C","35",518,61.5,0,0,NA,128.5,322.5,0,0
"35_1C_05","35_1C","35",519,61.625,0,0,NA,128.5,322.5,0,0
"35_1C_05","35_1C","35",520,61.75,0,0,NA,128.5,322.5,0,0
"35_1C_05","35_1C","35",521,61.875,0,0,NA,128.5,322.5,0,0
"35_1C_05","35_1C","35",522,62,0,0,NA,128.5,322.5,0,0
"35_1C_05","35_1C","35",523,62.125,0,0,NA,128.5,322.5,0,0
"35_1C_05","35_1C","35",524,62.25,0,0,NA,128.5,322.5,0,0
"35_1C_05","35_1C","35",525,62.375,0,0,NA,128.5,322.5,0,0
"35_1C_05","35_1C","35",526,62.5,0,0,NA,128.5,322.5,0,0
"35_1C_05","35_1C","35",527,62.625,0,0,NA,128.5,322.5,0,0
"35_1C_05","35_1C","35",528,62.75,0,0,NA,128.5,322.5,0,0
"35_1C_05","35_1C","35",529,62.875,0,0,NA,128.5,322.5,0,0
"35_1C_05","35_1C","35",530,63,0,0,NA,128.5,322.5,0,0
"35_1C_05","35_1C","35",531,63.125,0,0,NA,128.5,322.5,0,0
"35_1C_05","35_1C","35",532,63.25,0,0,NA,128.5,322.5,0,0
"35_1C_05","35_1C","35",533,63.375,0,0,NA,128.5,322.5,0,0
"35_1C_05","35_1C","35",534,63.5,0,0,NA,128.5,322.5,0,0
"35_1C_05","35_1C","35",535,63.625,0,0,NA,128.5,322.5,0,0
"35_1C_05","35_1C","35",536,63.75,0,0,NA,128.5,322.5,0,0
"35_1C_05","35_1C","35",537,63.875,0,0,NA,128.5,322.5,0,0
"35_1C_05","35_1C","35",538,64,0,0,NA,128.5,322.5,0,0
"35_1C_05","35_1C","35",539,64.125,0,0,NA,128.5,322.5,0,0
"35_1C_05","35_1C","35",540,64.25,0,0,NA,128.5,322.5,0,0
"35_1C_05","35_1C","35",541,64.375,0,0,NA,128.5,322.5,0,0
"35_1C_05","35_1C","35",542,64.5,0,0,NA,128.5,322.5,0,0
"35_1C_05","35_1C","35",543,64.625,0,0,NA,128.5,322.5,0,0
"35_1C_05","35_1C","35",544,64.75,0,0,NA,128.5,322.5,0,0
"35_1C_05","35_1C","35",545,64.875,0,0,NA,128.5,322.5,0,0
"35_1C_05","35_1C","35",546,65,0,0,NA,128.5,322.5,0,0
"35_1C_05","35_1C","35",547,65.125,0,0,NA,128.5,322.5,0,0
"35_1C_05","35_1C","35",548,65.25,0,0,NA,128.5,322.5,0,0
"35_1C_05","35_1C","35",549,65.375,0,0,NA,128.5,322.5,0,0
"35_1C_05","35_1C","35",550,65.5,0,0,NA,128.5,322.5,0,0
"35_1C_05","35_1C","35",551,65.625,0,0,NA,128.5,322.5,0,0
"35_1C_05","35_1C","35",552,65.75,0,0,NA,128.5,322.5,0,0
"35_1C_05","35_1C","35",553,65.875,0,0,NA,128.5,322.5,0,0
"35_1C_05","35_1C","35",554,66,0,0,NA,128.5,322.5,0,0
"35_1C_05","35_1C","35",555,66.125,0,0,NA,128.5,322.5,0,0
"35_1C_05","35_1C","35",556,66.25,0,0,NA,128.5,322.5,0,0
"35_1C_05","35_1C","35",557,66.375,0,0,NA,128.5,322.5,0,0
"35_1C_05","35_1C","35",558,66.5,0,0,NA,128.5,322.5,0,0
"35_1C_05","35_1C","35",559,66.625,0,0,NA,128.5,322.5,0,0
"35_1C_05","35_1C","35",560,66.75,0,0,NA,128.5,322.5,0,0
"35_1C_05","35_1C","35",561,66.875,0,0,NA,128.5,322.5,0,0
"35_1C_05","35_1C","35",562,67,0,0,NA,128.5,322.5,0,0
"35_1C_05","35_1C","35",563,67.125,0,0,NA,128.5,322.5,0,0
"35_1C_05","35_1C","35",564,67.25,0,0,NA,128.5,322.5,0,0
"35_1C_05","35_1C","35",565,67.375,0,0,NA,128.5,322.5,0,0
"35_1C_05","35_1C","35",566,67.5,0,0,NA,128.5,322.5,0,0
"35_1C_05","35_1C","35",567,67.625,0,0,NA,128.5,322.5,0,0
"35_1C_05","35_1C","35",568,67.75,0,0,NA,128.5,322.5,0,0
"35_1C_05","35_1C","35",569,67.875,0,0,NA,128.5,322.5,0,0
"35_1C_05","35_1C","35",570,68,0,0,NA,128.5,322.5,0,0
"35_1C_05","35_1C","35",571,68.125,0,0,NA,128.5,322.5,0,0
"35_1C_05","35_1C","35",572,68.25,0,0,NA,128.5,322.5,0,0
"35_1C_05","35_1C","35",573,68.375,0,0,NA,128.5,322.5,0,0
"35_1C_05","35_1C","35",574,68.5,0,0,NA,128.5,322.5,0,0
"35_1C_05","35_1C","35",575,68.625,0,0,NA,128.5,322.5,0,0
"35_1C_05","35_1C","35",576,68.75,0,0,NA,128.5,322.5,0,0
"35_1C_05","35_1C","35",577,68.875,0,0,NA,128.5,322.5,0,0
"35_1C_05","35_1C","35",578,69,0,0,NA,128.5,322.5,0,0
"35_1C_05","35_1C","35",579,69.125,0,0,NA,128.5,322.5,0,0
"35_1C_05","35_1C","35",580,69.25,0,0,NA,128.5,322.5,0,0
"35_1C_05","35_1C","35",581,69.375,0,0,NA,128.5,322.5,0,0
"35_1C_05","35_1C","35",582,69.5,0,0,NA,128.5,322.5,0,0
"35_1C_05","35_1C","35",583,69.625,0,0,NA,128.5,322.5,0,0
"35_1C_05","35_1C","35",584,69.75,0,0,NA,128.5,322.5,0,0
"35_1C_05","35_1C","35",585,69.875,0,0,NA,128.5,322.5,0,0
"35_1C_05","35_1C","35",586,70,0,0,NA,128.5,322.5,0,0
"35_1C_05","35_1C","35",587,70.125,0,0,NA,128.5,322.5,0,0
"35_1C_05","35_1C","35",588,70.25,0,0,NA,128.5,322.5,0,0
"35_1C_05","35_1C","35",589,70.375,0,0,NA,128.5,322.5,0,0
"35_1C_05","35_1C","35",590,70.5,0,0,NA,128.5,322.5,0,0
"35_1C_05","35_1C","35",591,70.625,0,0,NA,128.5,322.5,0,0
"35_1C_05","35_1C","35",592,70.75,0,0,NA,128.5,322.5,0,0
"35_1C_05","35_1C","35",593,70.875,0,0,NA,128.5,322.5,0,0
"35_1C_05","35_1C","35",594,71,0,0,NA,128.5,322.5,0,0
"35_1C_05","35_1C","35",595,71.125,0,0,NA,128.5,322.5,0,0
"35_1C_05","35_1C","35",596,71.25,0,0,NA,128.5,322.5,0,0
"35_1C_05","35_1C","35",597,71.375,0,0,NA,128.5,322.5,0,0
"35_1C_05","35_1C","35",598,71.5,0,0,NA,128.5,322.5,0,0
"35_1C_05","35_1C","35",599,71.625,0,1,3.16227769851685,128.5,322.5,0,0
"35_1C_05","35_1C","35",600,71.75,0,1,3.78349351882935,115.78,326.5,13.3341066442413,-10.412
"35_1C_05","35_1C","35",601,71.875,0,1,3.61316752433777,117.63,329.78,3.76575357664303,0.225300000000055
"35_1C_05","35_1C","35",602,72,0,1,4.20155477523804,118,329.64,0.395600808897049,-0.232900000000004
"35_1C_05","35_1C","35",603,72.125,0,1,3.86455106735229,117.45,329.85,0.588727441181411,-0.101000000000016
"35_1C_05","35_1C","35",604,72.25,0,1,3.16227769851685,117.5,329.5,0.353553390593296,-0.0914999999999974
"35_1C_05","35_1C","35",605,72.375,0,1,3.61316752433777,117.63,329.78,0.308706980808636,0
"35_1C_05","35_1C","35",606,72.5,0,0,NA,117.63,329.78,0,0
"35_1C_05","35_1C","35",607,72.625,0,1,3.61316752433777,117.63,329.78,0,0
"35_1C_05","35_1C","35",608,72.75,0,1,3.61316752433777,117.63,329.78,0,0
"35_1C_05","35_1C","35",609,72.875,0,1,4.01123428344727,117.85,330,0.311126983722099,-0.0968000000000115
"35_1C_05","35_1C","35",610,73,0,1,3.61316752433777,117.63,329.78,0.311126983722099,0.0615999999999891
"35_1C_05","35_1C","35",611,73.125,0,1,3.79621624946594,117.41,329.72,0.228035085019812,-0.0519999999999929
"35_1C_05","35_1C","35",612,73.25,0,1,3.61316752433777,117.63,329.78,0.228035085019812,0
"35_1C_05","35_1C","35",613,73.375,0,1,3.61316752433777,117.63,329.78,0,0
"35_1C_05","35_1C","35",614,73.5,0,1,4,118,330,0.430464865000636,0
"35_1C_05","35_1C","35",615,73.625,0,1,4,118,330,0,0
"35_1C_05","35_1C","35",616,73.75,0,1,4.01123428344727,117.85,330,0.150000000000006,0.0330000000000011
"35_1C_05","35_1C","35",617,73.875,0,1,3.61316752433777,117.63,329.78,0.311126983722099,-0.0968000000000115
"35_1C_05","35_1C","35",618,74,0,1,4.01123428344727,117.85,330,0.311126983722099,-0.0968000000000115
"35_1C_05","35_1C","35",619,74.125,0,1,3.61316752433777,117.63,329.78,0.311126983722099,-0.096800000000024
"35_1C_05","35_1C","35",620,74.25,0,1,3.61316752433777,117.63,330.22,0.440000000000055,-0.193600000000048
"35_1C_05","35_1C","35",621,74.375,0,1,3.61316752433777,117.63,329.78,0.440000000000055,0
"35_1C_05","35_1C","35",622,74.5,0,1,3.61316752433777,117.63,329.78,0,0
"35_1C_05","35_1C","35",623,74.625,0,1,3.61316752433777,117.63,329.78,0,0
"35_1C_05","35_1C","35",624,74.75,0,1,3.72725701332092,117.37,329.85,0.269258240356729,-0.0725000000000023
"35_1C_05","35_1C","35",625,74.875,0,1,3.61316752433777,117.63,329.78,0.269258240356729,-0.0492000000000106
"35_1C_05","35_1C","35",626,75,0,1,3.60555124282837,117.5,330,0.255538646783634,-0.0454999999999977
"35_1C_05","35_1C","35",627,75.125,0,1,4.01123428344727,117.85,330,0.349999999999994,-0.122499999999996
"35_1C_05","35_1C","35",628,75.25,0,1,3.60555124282837,117.5,330,0.349999999999994,0
"35_1C_05","35_1C","35",629,75.375,0,1,3.60555124282837,117.5,330,0,0
"35_1C_05","35_1C","35",630,75.5,0,1,3.61316752433777,117.63,329.78,0.255538646783634,0
"35_1C_05","35_1C","35",631,75.625,0,1,3.61316752433777,117.63,329.78,0,0
"35_1C_05","35_1C","35",632,75.75,0,1,3.61316752433777,117.63,329.78,0,0
"35_1C_05","35_1C","35",633,75.875,0,1,3.61316752433777,117.63,329.78,0,0
"35_1C_05","35_1C","35",634,76,0,1,4.20155477523804,119,331.64,2.31008657846412,0
"35_1C_05","35_1C","35",635,76.125,0,0,NA,119,331.64,0,0
"35_1C_05","35_1C","35",636,76.25,0,0,NA,119,331.64,0,0
"35_1C_05","35_1C","35",637,76.375,0,0,NA,119,331.64,0,0
"35_1C_05","35_1C","35",638,76.5,0,1,3.61316752433777,119.22,331.63,0.220227155455451,0
"35_1C_05","35_1C","35",639,76.625,0,1,3.61316752433777,119.22,331.63,0,0
"35_1C_05","35_1C","35",640,76.75,0,0,NA,119.22,331.63,0,0
"35_1C_05","35_1C","35",641,76.875,0,1,3.72684335708618,119.33,332.45,0.827345151674915,-0.426199999999987
"35_1C_05","35_1C","35",642,77,0,1,3.10949110984802,118.81,332,0.687677249878157,-0.283099999999993
"35_1C_05","35_1C","35",643,77.125,0,1,3.63458633422852,119.19,332.19,0.424852915724955,0
"35_1C_05","35_1C","35",644,77.25,0,0,NA,119.19,332.19,0,0
"35_1C_05","35_1C","35",645,77.375,0,1,3.60555124282837,119.5,332,0.363593179253958,-0.0118000000000035
"35_1C_05","35_1C","35",646,77.5,0,1,3.72725701332092,119.37,331.85,0.198494332412772,-1.02939999999989
"35_1C_05","35_1C","35",647,77.625,0,1,3.30277562141418,122.5,336,5.19801885337094,10.1100999999999
"35_1C_05","35_1C","35",648,77.75,0,1,3.61316752433777,123.37,337.78,1.98123698733895,0
"35_1C_05","35_1C","35",649,77.875,0,1,3.61316752433777,123.37,337.78,0,0
"35_1C_05","35_1C","35",650,78,0,1,3.61316752433777,123.37,338.22,0.440000000000055,-0.096800000000024
"35_1C_05","35_1C","35",651,78.125,0,1,3.60555124282837,123.5,338,0.255538646783634,0
"35_1C_05","35_1C","35",652,78.25,0,1,3.60555124282837,123.5,338,0,0
"35_1C_05","35_1C","35",653,78.375,0,1,3.9712381362915,123.33,338,0.170000000000002,-0.0289000000000006
"35_1C_05","35_1C","35",654,78.5,0,1,3.60555124282837,123.5,338,0.170000000000002,0.0220999999999994
"35_1C_05","35_1C","35",655,78.625,0,1,3.61316752433777,123.63,337.78,0.255538646783634,-0.130600000000022
"35_1C_05","35_1C","35",656,78.75,0,1,3.61316752433777,123.37,338.22,0.511077293567268,-0.0500000000000239
"35_1C_05","35_1C","35",657,78.875,0,1,3.10949110984802,123.19,338,0.284253408071063,0.0401999999999979
"35_1C_05","35_1C","35",658,79,0,1,4.30334234237671,123.15,337.85,0.155241746962576,0.0301999999999999
"35_1C_05","35_1C","35",659,79.125,0,1,3.61316752433777,123.22,337.63,0.230867927612328,0.0482000000000007
"35_1C_05","35_1C","35",660,79.25,0,1,3.16227769851685,123.5,337.5,0.308706980808662,3.69843045078255e-15
"35_1C_05","35_1C","35",661,79.375,0,1,3.61316752433777,123.63,337.78,0.308706980808636,0.0226000000000034
"35_1C_05","35_1C","35",662,79.5,0,1,3.9712381362915,123.33,338,0.372021504754779,0.000199999999995093
"35_1C_05","35_1C","35",663,79.625,0,1,3.63458633422852,123.19,337.81,0.236008474424117,0.0154999999999992
"35_1C_05","35_1C","35",664,79.75,0,1,3.16227769851685,123.5,337.5,0.438406204335663,-0.155000000000001
"35_1C_05","35_1C","35",665,79.875,0,1,3.60555124282837,123.5,338,0.5,0
"35_1C_05","35_1C","35",666,80,0,1,3.60555124282837,123.5,338,0,0
"35_1C_05","35_1C","35",667,80.125,0,1,3.61316752433777,123.63,337.78,0.255538646783634,-0.0778000000000094
"35_1C_05","35_1C","35",668,80.25,0,1,4.30334234237671,123.15,337.85,0.485077313425393,-0.0758999999999887
"35_1C_05","35_1C","35",669,80.375,0,1,3.9712381362915,123.33,338,0.234307490277179,-0.0548999999999905
"35_1C_05","35_1C","35",670,80.5,0,1,4.30334234237671,123.15,337.85,0.234307490277179,0.019200000000005
"35_1C_05","35_1C","35",671,80.625,0,1,3.94565057754517,123.16,337.71,0.140356688476224,-0.0077000000000039
"35_1C_05","35_1C","35",672,80.75,0,1,3.61316752433777,123.37,337.78,0.221359436211792,0.0427000000000005
"35_1C_05","35_1C","35",673,80.875,0,1,3.60555124282837,123.5,338,0.255538646783634,-0.0653000000000108
"35_1C_05","35_1C","35",674,81,0,1,3.61316752433777,123.37,337.78,0.255538646783634,0
"35_1C_05","35_1C","35",675,81.125,0,1,3.61316752433777,123.37,337.78,0,0
"35_1C_05","35_1C","35",676,81.25,0,1,3.61316752433777,123.63,337.78,0.259999999999991,-0.0337999999999976
"35_1C_05","35_1C","35",677,81.375,0,1,3.60555124282837,123.5,338,0.255538646783634,0.0124999999999986
"35_1C_05","35_1C","35",678,81.5,0,1,4.30334234237671,123.15,337.85,0.380788655293181,-0.144999999999989
"35_1C_05","35_1C","35",679,81.625,0,1,3.60555124282837,123.5,338,0.380788655293181,0
"35_1C_05","35_1C","35",680,81.75,0,1,3.60555124282837,123.5,338,0,0
"35_1C_05","35_1C","35",681,81.875,0,1,3.60555124282837,123.5,338,0,0
"35_1C_05","35_1C","35",682,82,0,0,NA,123.5,338,0,0
"35_1C_05","35_1C","35",683,82.125,0,1,4.3159761428833,123.14,337.69,0.475078940808789,-0.132400000000009
"35_1C_05","35_1C","35",684,82.25,0,1,3.72725701332092,123.37,337.85,0.280178514522456,-0.0506000000000006
"35_1C_05","35_1C","35",685,82.375,0,1,4.30334234237671,123.15,337.85,0.219999999999999,-0.186999999999998
"35_1C_05","35_1C","35",686,82.5,0,1,4,124,340,2.31192560433936,0
"35_1C_05","35_1C","35",687,82.625,0,0,NA,124,340,0,0
"35_1C_05","35_1C","35",688,82.75,0,1,4.85450744628906,125.47,343.62,3.90708331111585,1.44819999999991
"35_1C_05","35_1C","35",689,82.875,0,1,4.30334234237671,125.15,344.15,0.619112267686537,1.77359999999991
"35_1C_05","35_1C","35",690,83,0,1,4.4032998085022,126.1,348.07,4.03347244939148,-0.369399999999968
"35_1C_05","35_1C","35",691,83.125,0,1,4.4721360206604,126,348,0.122065556157328,-0.00450000000000233
"35_1C_05","35_1C","35",692,83.25,0,1,4.30334234237671,126.15,347.85,0.212132034355952,0.0224999999999993
"35_1C_05","35_1C","35",693,83.375,0,1,4.3159761428833,126.14,347.69,0.160312195418839,-0.000200000000002052
"35_1C_05","35_1C","35",694,83.5,0,1,4.84038209915161,126.32,347.68,0.180277563773192,0
"35_1C_05","35_1C","35",695,83.625,0,0,NA,126.32,347.68,0,0
"35_1C_05","35_1C","35",696,83.75,0,1,4.48923778533936,126.85,348.15,0.708378429936975,-0.266699999999994
"35_1C_05","35_1C","35",697,83.875,0,1,4.57499694824219,126.4,348.09,0.453982378512636,-0.116099999999996
"35_1C_05","35_1C","35",698,84,0,1,3.9712381362915,126.67,348,0.284604989415142,-0.118799999999993
"35_1C_05","35_1C","35",699,84.125,0,1,4.47488498687744,126.26,348.09,0.419761837236298,0.0235000000000097
"35_1C_05","35_1C","35",700,84.25,0,1,4.30334234237671,126.15,347.85,0.264007575648838,-0.0194999999999868
"35_1C_05","35_1C","35",701,84.375,0,1,4.4721360206604,126,348,0.212132034355952,0
"35_1C_05","35_1C","35",702,84.5,0,1,4.4721360206604,126,348,0,0
"35_1C_05","35_1C","35",703,84.625,0,1,4.53098201751709,126.42,347.77,0.478852795752525,-0.162100000000011
"35_1C_05","35_1C","35",704,84.75,0,1,4.34192895889282,126.16,348,0.347131099154211,-0.0442000000000013
"35_1C_05","35_1C","35",705,84.875,0,1,3.9712381362915,126.33,348,0.170000000000002,-0.0305999999999991
"35_1C_05","35_1C","35",706,85,0,1,4.30334234237671,126.15,347.85,0.234307490277179,-0.170999999999979
"35_1C_05","35_1C","35",707,85.125,0,1,4.30334234237671,126.85,348.15,0.761577310586362,-0.523999999999965
"35_1C_05","35_1C","35",708,85.25,0,1,4.61067152023315,126.29,347.71,0.712179752590583,0.01679999999998
"35_1C_05","35_1C","35",709,85.375,0,1,4.30334234237671,126.15,347.85,0.197989898732264,-0.0210000000000097
"35_1C_05","35_1C","35",710,85.5,0,1,4.3159761428833,126.14,347.69,0.160312195418839,0.0232000000000068
"35_1C_05","35_1C","35",711,85.625,0,1,4.85450744628906,126.38,347.53,0.288444102037129,-0.106400000000012
"35_1C_05","35_1C","35",712,85.75,0,1,4.30334234237671,126.15,347.85,0.394081209904795,-0.0324999999999949
"35_1C_05","35_1C","35",713,85.875,0,1,3.60555124282837,126.5,348,0.380788655293181,-0.144999999999989
"35_1C_05","35_1C","35",714,86,0,1,4.30334234237671,126.15,347.85,0.380788655293181,-0.235499999999967
"35_1C_05","35_1C","35",715,86.125,0,1,4.05183553695679,126.33,349,1.16400171821177,4.72459999999994
"35_1C_05","35_1C","35",716,86.25,0,1,4.34192895889282,126,353.16,4.17306841544687,1.4143999999999
"35_1C_05","35_1C","35",717,86.375,0,1,4.56155300140381,126,353.5,0.339999999999975,0.28559999999997
"35_1C_05","35_1C","35",718,86.5,0,1,4.69213390350342,126.11,354.34,0.847171765346295,0.177300000000017
"35_1C_05","35_1C","35",719,86.625,0,1,4.24264049530029,126.5,354.5,0.42154477816717,0
"35_1C_05","35_1C","35",720,86.75,0,1,4.24264049530029,126.5,354.5,0,0
"35_1C_05","35_1C","35",721,86.875,0,0,NA,126.5,354.5,0,0
"35_1C_05","35_1C","35",722,87,0,1,4.54521751403809,126.43,354.77,0.278926513619608,0
"35_1C_05","35_1C","35",723,87.125,0,1,4.54521751403809,126.43,354.77,0,0
"35_1C_05","35_1C","35",724,87.25,0,1,4.24264049530029,126.5,354.5,0.278926513619608,-0.14689999999999
"35_1C_05","35_1C","35",725,87.375,0,1,4.05183553695679,126.33,355,0.528109837060436,-0.132000000000011
"35_1C_05","35_1C","35",726,87.5,0,1,4.54521751403809,126.43,354.77,0.250798724079709,0
"35_1C_05","35_1C","35",727,87.625,0,0,NA,126.43,354.77,0,0
"35_1C_05","35_1C","35",728,87.75,0,2,4.54521751403809,126.425285339355,354.770111083984,0.00471596910981665,-8.22257162170633e-05
"35_1C_05","35_1C","35",729,87.875,0,1,4.54521751403809,126.43,354.23,0.540131660864043,-0.291659985351533
"35_1C_05","35_1C","35",730,88,0,1,4.54521751403809,126.43,354.77,0.539999999999964,0
"35_1C_05","35_1C","35",731,88.125,0,1,4.54521751403809,126.43,354.77,0,0
"35_1C_05","35_1C","35",732,88.25,0,1,4.54521751403809,126.43,354.77,0,0
"35_1C_05","35_1C","35",733,88.375,0,1,4.24264049530029,126.5,354.5,0.278926513619608,-0.0777999999999892
"35_1C_05","35_1C","35",734,88.5,0,1,4.54521751403809,126.43,354.77,0.278926513619608,-0.130899999999993
"35_1C_05","35_1C","35",735,88.625,0,1,3.79621624946594,126.41,354.28,0.490407993409579,-0.109600000000016
"35_1C_05","35_1C","35",736,88.75,0,1,4.24264049530029,126.5,354.5,0.237697286480121,0.0531000000000037
"35_1C_05","35_1C","35",737,88.875,0,1,4.54521751403809,126.43,354.77,0.278926513619608,-0.0777999999999892
"35_1C_05","35_1C","35",738,89,0,1,4.24264049530029,126.5,354.5,0.278926513619608,-0.0777999999999892
"35_1C_05","35_1C","35",739,89.125,0,1,4.54521751403809,126.43,354.77,0.278926513619608,0
"35_1C_05","35_1C","35",740,89.25,0,1,4.54521751403809,126.43,354.77,0,0
"35_1C_05","35_1C","35",741,89.375,0,1,4.24264049530029,126.5,354.5,0.278926513619608,0
"35_1C_05","35_1C","35",742,89.5,0,1,4.24264049530029,126.5,354.5,0,0
"35_1C_05","35_1C","35",743,89.625,0,1,4.54521751403809,126.43,354.77,0.278926513619608,-0.0777999999999892
"35_1C_05","35_1C","35",744,89.75,0,1,4.24264049530029,126.5,354.5,0.278926513619608,-0.0777999999999892
"35_1C_05","35_1C","35",745,89.875,0,1,4.54521751403809,126.43,354.77,0.278926513619608,-0.0679999999999901
"35_1C_05","35_1C","35",746,90,0,1,4.43828248977661,126.36,354.5,0.278926513619611,-0.0777999999999912
"35_1C_05","35_1C","35",747,90.125,0,1,4.54521751403809,126.43,354.77,0.278926513619611,-0.0679999999999901
"35_1C_05","35_1C","35",748,90.25,0,1,4.24264049530029,126.5,354.5,0.278926513619608,-0.0777999999999892
"35_1C_05","35_1C","35",749,90.375,0,1,4.54521751403809,126.43,354.77,0.278926513619608,0
"35_1C_05","35_1C","35",750,90.5,0,1,4.54521751403809,126.43,354.77,0,0
"35_1C_05","35_1C","35",751,90.625,0,1,4.24264049530029,126.5,354.5,0.278926513619608,0
"35_1C_05","35_1C","35",752,90.75,0,1,4.24264049530029,126.5,354.5,0,0
"35_1C_05","35_1C","35",753,90.875,0,1,4.4320182800293,126.37,354.46,0.136014705087356,0
"35_1C_05","35_1C","35",754,91,0,0,NA,126.37,354.46,0,0
"35_1C_05","35_1C","35",755,91.125,0,0,NA,126.37,354.46,0,0
"35_1C_05","35_1C","35",756,91.25,0,1,4.24264049530029,126.5,354.5,0.136014705087356,0.001700000000006
"35_1C_05","35_1C","35",757,91.375,0,1,4.54521751403809,126.43,354.77,0.278926513619608,0.350299999999982
"35_1C_05","35_1C","35",758,91.5,0,1,4.4032998085022,125.9,355.93,1.27534309109355,0
"35_1C_05","35_1C","35",759,91.625,0,0,NA,125.9,355.93,0,0
"35_1C_05","35_1C","35",760,91.75,0,1,4.30334234237671,124.85,361.85,6.01239552923793,11.6451999999999
"35_1C_05","35_1C","35",761,91.875,0,1,3.63458633422852,124.81,363.81,1.96040812077483,0.377999999999991
"35_1C_05","35_1C","35",762,92,0,1,3.9712381362915,124.67,364,0.236008474424117,0
"35_1C_05","35_1C","35",763,92.125,0,1,3.9712381362915,124.67,364,0,0
"35_1C_05","35_1C","35",764,92.25,0,1,3.9712381362915,124.67,364,0,0
"35_1C_05","35_1C","35",765,92.375,0,1,3.9712381362915,124.67,364,0,0
"35_1C_05","35_1C","35",766,92.5,0,1,3.9712381362915,124.67,364,0,0
"35_1C_05","35_1C","35",767,92.625,0,1,3.9712381362915,124.67,364,0,0
"35_1C_05","35_1C","35",768,92.75,0,1,3.60555124282837,124.5,364,0.170000000000002,-0.0289000000000006
"35_1C_05","35_1C","35",769,92.875,0,1,3.9712381362915,124.67,364,0.170000000000002,0.0238000000000003
"35_1C_05","35_1C","35",770,93,0,1,3.63458633422852,124.81,364.19,0.236008474424117,-0.0556999999999993
"35_1C_05","35_1C","35",771,93.125,0,1,3.9712381362915,124.67,364,0.236008474424117,0
"35_1C_05","35_1C","35",772,93.25,0,1,3.9712381362915,124.67,364,0,0
"35_1C_05","35_1C","35",773,93.375,0,1,3.9712381362915,124.67,364,0,0
"35_1C_05","35_1C","35",774,93.5,0,1,3.9712381362915,124.67,364,0,0
"35_1C_05","35_1C","35",775,93.625,0,1,3.9712381362915,124.67,364,0,0
"35_1C_05","35_1C","35",776,93.75,0,1,3.9712381362915,124.67,364,0,0
"35_1C_05","35_1C","35",777,93.875,0,1,3.9712381362915,124.67,364,0,0
"35_1C_05","35_1C","35",778,94,0,1,3.9712381362915,124.67,364,0,0
"35_1C_05","35_1C","35",779,94.125,0,1,3.9712381362915,124.67,364,0,0
"35_1C_05","35_1C","35",780,94.25,0,1,3.63458633422852,124.81,363.81,0.236008474424117,-0.0556999999999993
"35_1C_05","35_1C","35",781,94.375,0,1,3.9712381362915,124.67,364,0.236008474424117,0
"35_1C_05","35_1C","35",782,94.5,0,1,3.9712381362915,124.67,364,0,0
"35_1C_05","35_1C","35",783,94.625,0,1,3.9712381362915,124.67,364,0,0
"35_1C_05","35_1C","35",784,94.75,0,1,3.9712381362915,124.67,364,0,0
"35_1C_05","35_1C","35",785,94.875,0,1,3.9712381362915,124.67,364,0,0
"35_1C_05","35_1C","35",786,95,0,1,3.63458633422852,124.81,363.81,0.236008474424117,-0.0556999999999993
"35_1C_05","35_1C","35",787,95.125,0,1,3.9712381362915,124.67,364,0.236008474424117,0
"35_1C_05","35_1C","35",788,95.25,0,0,NA,124.67,364,0,0
"35_1C_05","35_1C","35",789,95.375,0,1,3.61316752433777,124.78,364.37,0.38600518131238,0
"35_1C_05","35_1C","35",790,95.5,0,0,NA,124.78,364.37,0,0
"35_1C_05","35_1C","35",791,95.625,0,0,NA,124.78,364.37,0,0
"35_1C_05","35_1C","35",792,95.75,0,0,NA,124.78,364.37,0,0
"35_1C_05","35_1C","35",793,95.875,0,0,NA,124.78,364.37,0,0
"35_1C_05","35_1C","35",794,96,0,0,NA,124.78,364.37,0,0
"35_1C_05","35_1C","35",795,96.125,0,0,NA,124.78,364.37,0,0
"35_1C_05","35_1C","35",796,96.25,0,0,NA,124.78,364.37,0,0
"35_1C_05","35_1C","35",797,96.375,0,0,NA,124.78,364.37,0,0
"35_1C_05","35_1C","35",798,96.5,0,0,NA,124.78,364.37,0,0
"35_1C_05","35_1C","35",799,96.625,0,0,NA,124.78,364.37,0,0
"35_1C_05","35_1C","35",800,96.75,0,0,NA,124.78,364.37,0,0
"35_1C_05","35_1C","35",801,96.875,0,0,NA,124.78,364.37,0,0
"35_1C_05","35_1C","35",802,97,0,0,NA,124.78,364.37,0,0
"35_1C_05","35_1C","35",803,97.125,0,0,NA,124.78,364.37,0,0
"35_1C_05","35_1C","35",804,97.25,0,0,NA,124.78,364.37,0,0
"35_1C_05","35_1C","35",805,97.375,0,0,NA,124.78,364.37,0,0
"35_1C_05","35_1C","35",806,97.5,0,0,NA,124.78,364.37,0,0
"35_1C_05","35_1C","35",807,97.625,0,0,NA,124.78,364.37,0,0
"35_1C_05","35_1C","35",808,97.75,0,0,NA,124.78,364.37,0,0
"35_1C_05","35_1C","35",809,97.875,0,0,NA,124.78,364.37,0,0
"35_1C_05","35_1C","35",810,98,0,0,NA,124.78,364.37,0,0
"35_1C_05","35_1C","35",811,98.125,0,0,NA,124.78,364.37,0,0
"35_1C_05","35_1C","35",812,98.25,0,0,NA,124.78,364.37,0,0
"35_1C_05","35_1C","35",813,98.375,0,0,NA,124.78,364.37,0,0
"35_1C_05","35_1C","35",814,98.5,0,0,NA,124.78,364.37,0,0
"35_1C_05","35_1C","35",815,98.625,0,0,NA,124.78,364.37,0,0
"35_1C_05","35_1C","35",816,98.75,0,0,NA,124.78,364.37,0,0
"35_1C_05","35_1C","35",817,98.875,0,0,NA,124.78,364.37,0,0
"35_1C_05","35_1C","35",818,99,0,0,NA,124.78,364.37,0,0
"35_1C_05","35_1C","35",819,99.125,0,0,NA,124.78,364.37,0,0
"35_1C_05","35_1C","35",820,99.25,0,0,NA,124.78,364.37,0,0
"35_1C_05","35_1C","35",821,99.375,0,0,NA,124.78,364.37,0,0
"35_1C_05","35_1C","35",822,99.5,0,0,NA,124.78,364.37,0,0
"35_1C_05","35_1C","35",823,99.625,0,0,NA,124.78,364.37,0,0
"35_1C_05","35_1C","35",824,99.75,0,0,NA,124.78,364.37,0,0
"35_1C_05","35_1C","35",825,99.875,0,0,NA,124.78,364.37,0,0
"35_1C_05","35_1C","35",826,100,0,0,NA,124.78,364.37,0,0
"35_1C_05","35_1C","35",827,100.125,0,0,NA,124.78,364.37,0,0
"35_1C_05","35_1C","35",828,100.25,0,0,NA,124.78,364.37,0,0
"35_1C_05","35_1C","35",829,100.375,0,0,NA,124.78,364.37,0,0
"35_1C_05","35_1C","35",830,100.5,0,0,NA,124.78,364.37,0,0
"35_1C_05","35_1C","35",831,100.625,0,0,NA,124.78,364.37,0,0
"35_1C_05","35_1C","35",832,100.75,0,0,NA,124.78,364.37,0,0
"35_1C_05","35_1C","35",833,100.875,0,0,NA,124.78,364.37,0,0
"35_1C_05","35_1C","35",834,101,0,0,NA,124.78,364.37,0,0
"35_1C_05","35_1C","35",835,101.125,0,0,NA,124.78,364.37,0,0
"35_1C_05","35_1C","35",836,101.25,0,0,NA,124.78,364.37,0,0
"35_1C_05","35_1C","35",837,101.375,0,0,NA,124.78,364.37,0,0
"35_1C_05","35_1C","35",838,101.5,0,0,NA,124.78,364.37,0,0
"35_1C_05","35_1C","35",839,101.625,0,0,NA,124.78,364.37,0,0
"35_1C_05","35_1C","35",840,101.75,0,0,NA,124.78,364.37,0,0
"35_1C_05","35_1C","35",841,101.875,0,0,NA,124.78,364.37,0,0
"35_1C_05","35_1C","35",842,102,0,0,NA,124.78,364.37,0,0
"35_1C_05","35_1C","35",843,102.125,0,0,NA,124.78,364.37,0,0
"35_1C_05","35_1C","35",844,102.25,0,0,NA,124.78,364.37,0,0
"35_1C_05","35_1C","35",845,102.375,0,0,NA,124.78,364.37,0,0
"35_1C_05","35_1C","35",846,102.5,0,0,NA,124.78,364.37,0,0
"35_1C_05","35_1C","35",847,102.625,0,0,NA,124.78,364.37,0,0
"35_1C_05","35_1C","35",848,102.75,0,0,NA,124.78,364.37,0,0
"35_1C_05","35_1C","35",849,102.875,0,0,NA,124.78,364.37,0,0
"35_1C_05","35_1C","35",850,103,0,0,NA,124.78,364.37,0,0
"35_1C_05","35_1C","35",851,103.125,0,1,3.30277562141418,123,368.5,4.49725471815862,0
"35_1C_05","35_1C","35",852,103.25,0,0,NA,123,368.5,0,0
"35_1C_05","35_1C","35",853,103.375,0,1,3.94565057754517,120.71,373.16,5.19227310529793,0
"35_1C_05","35_1C","35",854,103.5,0,0,NA,120.71,373.16,0,0
"35_1C_05","35_1C","35",855,103.625,0,1,4.27798509597778,121.27,372.75,0.694046107978442,0.00920000000000258
"35_1C_05","35_1C","35",856,103.75,0,1,3.83653593063354,121.14,372.55,0.238537208837519,-0.0676999999999972
"35_1C_05","35_1C","35",857,103.875,0,1,3.61316752433777,120.63,373.22,0.842021377400851,-0.336100000000026
"35_1C_05","35_1C","35",858,104,0,1,4,121,373,0.430464865000636,0.062700000000008
"35_1C_05","35_1C","35",859,104.125,0,1,4.29617643356323,121.11,372.9,0.1486606874732,-0.0551000000000103
"35_1C_05","35_1C","35",860,104.25,0,1,3.9712381362915,121,373.33,0.443846820423449,-0.356899999999999
"35_1C_05","35_1C","35",861,104.375,0,1,3.60555124282837,121,372.5,0.829999999999984,-0.182600000000019
"35_1C_05","35_1C","35",862,104.5,0,1,3.79621624946594,121.41,372.72,0.465295604965284,-0.232100000000004
"35_1C_05","35_1C","35",863,104.625,0,1,4.3159761428833,120.86,372.69,0.550817574156815,0.115799999999996
"35_1C_05","35_1C","35",864,104.75,0,1,4.30345630645752,120.65,372.68,0.21023796041628,-0.0969999999999925
"35_1C_05","35_1C","35",865,104.875,0,1,4.4032998085022,121.1,372.93,0.51478150704934,-0.0559999999999933
"35_1C_05","35_1C","35",866,105,0,1,3.61316752433777,121.37,372.22,0.759605160593302,-0.883799999999953
"35_1C_05","35_1C","35",867,105.125,0,1,3.84965634346008,120.7,373.21,1.19540788018145,0
"35_1C_05","35_1C","35",868,105.25,0,0,NA,120.7,373.21,0,0
"35_1C_05","35_1C","35",869,105.375,0,1,4.29617643356323,121.11,372.9,0.514003891035855,0
"35_1C_05","35_1C","35",870,105.5,0,0,NA,121.11,372.9,0,0
"35_1C_05","35_1C","35",871,105.625,0,0,NA,121.11,372.9,0,0
"35_1C_05","35_1C","35",872,105.75,0,0,NA,121.11,372.9,0,0
"35_1C_05","35_1C","35",873,105.875,0,1,3.79621624946594,121.41,372.72,0.34985711369069,-0.167400000000003
"35_1C_05","35_1C","35",874,106,0,1,3.57600021362305,120.72,372.5,0.724223722340002,-0.434500000000004
"35_1C_05","35_1C","35",875,106.125,0,1,4.27798509597778,121.27,372.75,0.604152298679726,-0.210999999999997
"35_1C_05","35_1C","35",876,106.25,0,1,4.56155300140381,121,372.5,0.367967389859479,0.0486000000000047
"35_1C_05","35_1C","35",877,106.375,0,1,4.54521751403809,120.57,372.77,0.50774009099144,0
"35_1C_05","35_1C","35",878,106.5,0,0,NA,120.57,372.77,0,0
"35_1C_05","35_1C","35",879,106.625,0,1,4.01123428344727,121.15,373,0.623939099592278,-0.0120999999999996
"35_1C_05","35_1C","35",880,106.75,0,1,4.08487749099731,121.03,373.25,0.277308492477243,0.0602999999999949
"35_1C_05","35_1C","35",881,106.875,0,1,3.79621624946594,120.59,373.28,0.441021541423995,-0.333999999999988
"35_1C_05","35_1C","35",882,107,0,1,3.9712381362915,121.33,373,0.791201617794085,-0.156799999999994
"35_1C_05","35_1C","35",883,107.125,0,1,3.63458633422852,121.19,373.19,0.236008474424117,0.0531999999999969
"35_1C_05","35_1C","35",884,107.25,0,1,3.9712381362915,121,373.33,0.236008474424109,0.00330000000000763
"35_1C_05","35_1C","35",885,107.375,0,1,4.54521751403809,120.57,372.77,0.70604532432416,-0.277800000000028
"35_1C_05","35_1C","35",886,107.5,0,1,3.61316752433777,120.63,373.22,0.453982378512692,-0.153600000000042
"35_1C_05","35_1C","35",887,107.625,0,1,3.61316752433777,121.37,372.78,0.860929730001271,-0.520600000000008
"35_1C_05","35_1C","35",888,107.75,0,1,3.16227769851685,120.5,372.5,0.913947482079792,-0.902299999999973
"35_1C_05","35_1C","35",889,107.875,0,1,4.18675136566162,121.27,373.33,1.13216606555751,0
"35_1C_05","35_1C","35",890,108,0,0,NA,121.27,373.33,0,0
"35_1C_05","35_1C","35",891,108.125,0,0,NA,121.27,373.33,0,0
"35_1C_05","35_1C","35",892,108.25,0,1,3.10949110984802,120.81,373,0.566127194188712,-0.112099999999999
"35_1C_05","35_1C","35",893,108.375,0,1,3.63458633422852,121.19,372.81,0.424852915724955,0.0741000000000073
"35_1C_05","35_1C","35",894,108.5,0,1,3.61316752433777,121.37,372.78,0.182482875908958,0
"35_1C_05","35_1C","35",895,108.625,0,1,3.61316752433777,121.37,372.78,0,0
"35_1C_05","35_1C","35",896,108.75,0,1,4.30334234237671,120.85,372.85,0.524690384893813,0
"35_1C_05","35_1C","35",897,108.875,0,0,NA,120.85,372.85,0,0
"35_1C_05","35_1C","35",898,109,0,1,4.4721360206604,120,374,1.43003496460749,4.05799999999994
"35_1C_05","35_1C","35",899,109.125,0,1,4.27798509597778,118.27,376.25,2.8382036572452,7.92929999999999
"35_1C_05","35_1C","35",900,109.25,0,1,4.3159761428833,116.86,378.69,2.81810219828877,0
"35_1C_05","35_1C","35",901,109.375,0,0,NA,116.86,378.69,0,0
"35_1C_05","35_1C","35",902,109.5,0,1,4.34192895889282,117,378.84,0.205182845286816,0.0240000000000001
"35_1C_05","35_1C","35",903,109.625,0,1,4.4721360206604,117,379,0.160000000000025,0.025600000000008
"35_1C_05","35_1C","35",904,109.75,0,1,4.34192895889282,117,379.16,0.160000000000025,0.0143999999999982
"35_1C_05","35_1C","35",905,109.875,0,1,4.27798509597778,116.73,379.25,0.284604989415142,-0.10979999999999
"35_1C_05","35_1C","35",906,110,0,1,4.34192895889282,117,378.84,0.490917508345362,-0.0656000000000143
"35_1C_05","35_1C","35",907,110.125,0,1,4.4721360206604,117,379,0.160000000000025,0.0800000000000125
"35_1C_05","35_1C","35",908,110.25,0,1,4.24264049530029,116.5,379.5,0.707106781186548,-0.330000000000005
"35_1C_05","35_1C","35",909,110.375,0,1,4.57052564620972,116.8,379.14,0.468614980554408,0.0119999999999975
"35_1C_05","35_1C","35",910,110.5,0,1,4.73271036148071,116.9,379.19,0.111803398875002,-0.00649999999999955
"35_1C_05","35_1C","35",911,110.625,0,1,4.62220525741577,116.78,379.3,0.16278820596101,-0.0208999999999989
"35_1C_05","35_1C","35",912,110.75,0,1,5.10945129394531,117,379.35,0.225610283453571,-0.048500000000003
"35_1C_05","35_1C","35",913,110.875,0,1,4.64440011978149,116.8,379.26,0.219317121994629,0.0393000000000169
"35_1C_05","35_1C","35",914,111,0,1,4.3159761428833,116.86,378.69,0.573149195236277,0
"35_1C_05","35_1C","35",915,111.125,0,1,4.3159761428833,116.86,378.69,0,0
"35_1C_05","35_1C","35",916,111.25,0,1,4.3159761428833,116.86,378.69,0,0
"35_1C_05","35_1C","35",917,111.375,0,1,4.57052564620972,116.8,379.14,0.453982378512636,0.0732000000000092
"35_1C_05","35_1C","35",918,111.5,0,1,4.62220525741577,116.78,379.3,0.161245154965995,0.0285999999999984
"35_1C_05","35_1C","35",919,111.625,0,1,4.4320182800293,116.63,379.46,0.219317121994594,-0.125299999999982
"35_1C_05","35_1C","35",920,111.75,0,1,4.4032998085022,116.9,378.93,0.594810894318502,-0.248100000000005
"35_1C_05","35_1C","35",921,111.875,0,1,4.54521751403809,116.57,379.23,0.445982062419572,0
"35_1C_05","35_1C","35",922,112,0,0,NA,116.57,379.23,0,0
"35_1C_05","35_1C","35",923,112.125,0,0,NA,116.57,379.23,0,0
"35_1C_05","35_1C","35",924,112.25,0,0,NA,116.57,379.23,0,0
"35_1C_05","35_1C","35",925,112.375,0,0,NA,116.57,379.23,0,0
"35_1C_05","35_1C","35",926,112.5,0,0,NA,116.57,379.23,0,0
"35_1C_05","35_1C","35",927,112.625,0,0,NA,116.57,379.23,0,0
"35_1C_05","35_1C","35",928,112.75,0,0,NA,116.57,379.23,0,0
"35_1C_05","35_1C","35",929,112.875,0,0,NA,116.57,379.23,0,0
"35_1C_05","35_1C","35",930,113,0,0,NA,116.57,379.23,0,0
"35_1C_05","35_1C","35",931,113.125,0,0,NA,116.57,379.23,0,0
"35_1C_05","35_1C","35",932,113.25,0,0,NA,116.57,379.23,0,0
"35_1C_05","35_1C","35",933,113.375,0,0,NA,116.57,379.23,0,0
"35_1C_05","35_1C","35",934,113.5,0,0,NA,116.57,379.23,0,0
"35_1C_05","35_1C","35",935,113.625,0,0,NA,116.57,379.23,0,0
"35_1C_05","35_1C","35",936,113.75,0,0,NA,116.57,379.23,0,0
"35_1C_05","35_1C","35",937,113.875,0,0,NA,116.57,379.23,0,0
"35_1C_05","35_1C","35",938,114,0,0,NA,116.57,379.23,0,0
"35_1C_05","35_1C","35",939,114.125,0,0,NA,116.57,379.23,0,0
"35_1C_05","35_1C","35",940,114.25,0,0,NA,116.57,379.23,0,0
"35_1C_05","35_1C","35",941,114.375,0,0,NA,116.57,379.23,0,0
"35_1C_05","35_1C","35",942,114.5,0,0,NA,116.57,379.23,0,0
"35_1C_05","35_1C","35",943,114.625,0,0,NA,116.57,379.23,0,0
"35_1C_05","35_1C","35",944,114.75,0,0,NA,116.57,379.23,0,0
"35_1C_05","35_1C","35",945,114.875,0,0,NA,116.57,379.23,0,0
"35_1C_05","35_1C","35",946,115,0,0,NA,116.57,379.23,0,0
"35_1C_05","35_1C","35",947,115.125,0,0,NA,116.57,379.23,0,0
"35_1C_05","35_1C","35",948,115.25,0,0,NA,116.57,379.23,0,0
"35_1C_05","35_1C","35",949,115.375,0,0,NA,116.57,379.23,0,0
"35_1C_05","35_1C","35",950,115.5,0,0,NA,116.57,379.23,0,0
"35_1C_05","35_1C","35",951,115.625,0,0,NA,116.57,379.23,0,0
"35_1C_05","35_1C","35",952,115.75,0,0,NA,116.57,379.23,0,0
"35_1C_05","35_1C","35",953,115.875,0,0,NA,116.57,379.23,0,0
"35_1C_05","35_1C","35",954,116,0,0,NA,116.57,379.23,0,0
"35_1C_05","35_1C","35",955,116.125,0,0,NA,116.57,379.23,0,0
"35_1C_05","35_1C","35",956,116.25,0,0,NA,116.57,379.23,0,0
"35_1C_05","35_1C","35",957,116.375,0,0,NA,116.57,379.23,0,0
"35_1C_05","35_1C","35",958,116.5,0,0,NA,116.57,379.23,0,0
"35_1C_05","35_1C","35",959,116.625,0,0,NA,116.57,379.23,0,0
"35_1C_05","35_1C","35",960,116.75,0,0,NA,116.57,379.23,0,0
"35_1C_05","35_1C","35",961,116.875,0,0,NA,116.57,379.23,0,0
"35_1C_05","35_1C","35",962,117,0,0,NA,116.57,379.23,0,0
"35_1C_05","35_1C","35",963,117.125,0,0,NA,116.57,379.23,0,0
"35_1C_05","35_1C","35",964,117.25,0,0,NA,116.57,379.23,0,0
"35_1C_05","35_1C","35",965,117.375,0,0,NA,116.57,379.23,0,0
"35_1C_05","35_1C","35",966,117.5,0,0,NA,116.57,379.23,0,0
"35_1C_05","35_1C","35",967,117.625,0,0,NA,116.57,379.23,0,0
"35_1C_05","35_1C","35",968,117.75,0,0,NA,116.57,379.23,0,0
"35_1C_05","35_1C","35",969,117.875,0,0,NA,116.57,379.23,0,0
"35_1C_05","35_1C","35",970,118,0,0,NA,116.57,379.23,0,0
"35_1C_05","35_1C","35",971,118.125,0,0,NA,116.57,379.23,0,0
"35_1C_05","35_1C","35",972,118.25,0,0,NA,116.57,379.23,0,0
"35_1C_05","35_1C","35",973,118.375,0,1,3.60555124282837,110,306.5,73.026144633275,0
"35_1C_05","35_1C","35",974,118.5,0,0,NA,110,306.5,0,0
"35_1C_05","35_1C","35",975,118.625,0,0,NA,110,306.5,0,0
"35_1C_05","35_1C","35",976,118.75,0,0,NA,110,306.5,0,0
"35_1C_05","35_1C","35",977,118.875,0,0,NA,110,306.5,0,0
"35_1C_05","35_1C","35",978,119,0,0,NA,110,306.5,0,0
"35_1C_05","35_1C","35",979,119.125,0,0,NA,110,306.5,0,0
"35_1C_05","35_1C","35",980,119.25,0,0,NA,110,306.5,0,0
"35_1C_05","35_1C","35",981,119.375,0,0,NA,110,306.5,0,0
"35_1C_05","35_1C","35",982,119.5,0,0,NA,110,306.5,0,0
"35_1C_05","35_1C","35",983,119.625,0,0,NA,110,306.5,0,0
"35_1C_05","35_1C","35",984,119.75,0,0,NA,110,306.5,0,0
"35_1C_05","35_1C","35",985,119.875,0,0,NA,110,306.5,0,0
"35_1C_05","35_1C","35",986,120,0,0,NA,110,306.5,0,0
"35_1C_05","35_1C","35",987,120.125,0,0,NA,110,306.5,0,0
"35_1C_05","35_1C","35",988,120.25,0,0,NA,110,306.5,0,0
"35_1C_05","35_1C","35",989,120.375,0,0,NA,110,306.5,0,0
"35_1C_05","35_1C","35",990,120.5,0,0,NA,110,306.5,0,0
"35_1C_05","35_1C","35",991,120.625,0,0,NA,110,306.5,0,0
"35_1C_05","35_1C","35",992,120.75,0,0,NA,110,306.5,0,0
"35_1C_05","35_1C","35",993,120.875,0,0,NA,110,306.5,0,0
"35_1C_05","35_1C","35",994,121,0,0,NA,110,306.5,0,0
"35_1C_05","35_1C","35",995,121.125,0,0,NA,110,306.5,0,0
"35_1C_05","35_1C","35",996,121.25,0,0,NA,110,306.5,0,0
"35_1C_05","35_1C","35",997,121.375,0,0,NA,110,306.5,0,0
"35_1C_05","35_1C","35",998,121.5,0,0,NA,110,306.5,0,0
"35_1C_05","35_1C","35",999,121.625,0,0,NA,110,306.5,0,0
"35_1C_05","35_1C","35",1000,121.75,0,0,NA,110,306.5,0,0
"35_1C_05","35_1C","35",1001,121.875,0,0,NA,110,306.5,0,0
"35_1C_05","35_1C","35",1002,122,0,0,NA,110,306.5,0,NA
