"fname","cop_name","plate","frame","sec","drop","blobs","blob_size","x","y","distance","dot_product"
"47_6D_17","47_6D","47",0,-1.25,0,0,NA,722,443.5,NA,NA
"47_6D_17","47_6D","47",1,-1.125,0,0,NA,722,443.5,0,0
"47_6D_17","47_6D","47",2,-1,0,0,NA,722,443.5,0,0
"47_6D_17","47_6D","47",3,-0.875,0,0,NA,722,443.5,0,0
"47_6D_17","47_6D","47",4,-0.75,0,0,NA,722,443.5,0,0
"47_6D_17","47_6D","47",5,-0.625,0,0,NA,722,443.5,0,0
"47_6D_17","47_6D","47",6,-0.5,0,1,3.60555124282837,722,443.5,0,0
"47_6D_17","47_6D","47",7,-0.375,0,0,NA,722,443.5,0,0
"47_6D_17","47_6D","47",8,-0.25,0,1,3.60555124282837,719.5,442,2.91547594742265,-0.965000000000003
"47_6D_17","47_6D","47",9,-0.125,0,1,3.10949110984802,720,441.81,0.534883164812652,0
"47_6D_17","47_6D","47",10,0,0,0,NA,720,441.81,0,0
"47_6D_17","47_6D","47",11,0.125,0,0,NA,720,441.81,0,0
"47_6D_17","47_6D","47",12,0.25,0,0,NA,720,441.81,0,0
"47_6D_17","47_6D","47",13,0.375,0,1,3.16227769851685,715.5,439.5,5.05827045540272,0
"47_6D_17","47_6D","47",14,0.5,0,1,3.16227769851685,715.5,439.5,0,0
"47_6D_17","47_6D","47",15,0.625,0,1,3.79621624946594,715.28,439.59,0.23769728648011,-0.0565000000000075
"47_6D_17","47_6D","47",16,0.75,0,1,3.16227769851685,715.5,439.5,0.23769728648011,-0.0565000000000075
"47_6D_17","47_6D","47",17,0.875,0,1,3.79621624946594,715.28,439.59,0.23769728648011,-0.0565000000000075
"47_6D_17","47_6D","47",18,1,0,1,3.16227769851685,715.5,439.5,0.23769728648011,0.0499000000000053
"47_6D_17","47_6D","47",19,1.125,0,1,3.61316752433777,715.78,439.63,0.308706980808636,-0.0453999999999782
"47_6D_17","47_6D","47",20,1.25,0,1,3.79621624946594,715.72,439.41,0.228035085019785,-0.00660000000000221
"47_6D_17","47_6D","47",21,1.375,0,1,3.16227769851685,715.5,439.5,0.23769728648011,0
"47_6D_17","47_6D","47",22,1.5,0,1,3.16227769851685,715.5,439.5,0,0
"47_6D_17","47_6D","47",23,1.625,0,1,3.16227769851685,715.5,439.5,0,0
"47_6D_17","47_6D","47",24,1.75,0,1,4.24264049530029,715.5,439.5,0,0
"47_6D_17","47_6D","47",25,1.875,0,0,NA,715.5,439.5,0,0
"47_6D_17","47_6D","47",26,2,0,1,3.9712381362915,695.33,439,20.1761963709714,0
"47_6D_17","47_6D","47",27,2.125,0,0,NA,695.33,439,0,0
"47_6D_17","47_6D","47",28,2.25,0,1,3.61316752433777,686.78,439.63,8.57317910695917,29.2221
"47_6D_17","47_6D","47",29,2.375,0,1,4.24264049530029,683.5,441.5,3.77561915452285,11.0347
"47_6D_17","47_6D","47",30,2.5,0,1,3.61316752433777,680.78,442.63,2.94538622255217,7.18469999999999
"47_6D_17","47_6D","47",31,2.625,0,1,4.24264049530029,678.5,443.5,2.44034833579141,-1.13999999999999
"47_6D_17","47_6D","47",32,2.75,0,1,3.60555124282837,679,443.5,0.5,0
"47_6D_17","47_6D","47",33,2.875,0,1,3.60555124282837,679,443.5,0,0
"47_6D_17","47_6D","47",34,3,0,1,4.27798509597778,678.75,443.73,0.339705755029273,-0.06670000000001
"47_6D_17","47_6D","47",35,3.125,0,1,4.00222158432007,678.75,443.44,0.29000000000002,0
"47_6D_17","47_6D","47",36,3.25,0,1,4.00222158432007,678.75,443.44,0,0
"47_6D_17","47_6D","47",37,3.375,0,1,3.79621624946594,675.72,445.59,3.7152927206345,1.33320000000015
"47_6D_17","47_6D","47",38,3.5,0,1,3.79621624946594,675.28,445.59,0.440000000000055,4.47480000000054
"47_6D_17","47_6D","47",39,3.625,0,1,4.59517049789429,665.11,455.54,14.2278389082812,0
"47_6D_17","47_6D","47",40,3.75,0,0,NA,665.11,455.54,0,0
"47_6D_17","47_6D","47",41,3.875,0,0,NA,665.11,455.54,0,0
"47_6D_17","47_6D","47",42,4,0,0,NA,665.11,455.54,0,0
"47_6D_17","47_6D","47",43,4.125,0,0,NA,665.11,455.54,0,0
"47_6D_17","47_6D","47",44,4.25,0,0,NA,665.11,455.54,0,0
"47_6D_17","47_6D","47",45,4.375,0,0,NA,665.11,455.54,0,0
"47_6D_17","47_6D","47",46,4.5,0,0,NA,665.11,455.54,0,0
"47_6D_17","47_6D","47",47,4.625,0,0,NA,665.11,455.54,0,0
"47_6D_17","47_6D","47",48,4.75,0,0,NA,665.11,455.54,0,0
"47_6D_17","47_6D","47",49,4.875,0,0,NA,665.11,455.54,0,0
"47_6D_17","47_6D","47",50,5,0,0,NA,665.11,455.54,0,0
"47_6D_17","47_6D","47",51,5.125,0,0,NA,665.11,455.54,0,0
"47_6D_17","47_6D","47",52,5.25,0,0,NA,665.11,455.54,0,0
"47_6D_17","47_6D","47",53,5.375,0,1,3.65028142929077,660,464,9.8835064627894,0
"47_6D_17","47_6D","47",54,5.5,0,0,NA,660,464,0,0
"47_6D_17","47_6D","47",55,5.625,0,0,NA,660,464,0,0
"47_6D_17","47_6D","47",56,5.75,0,0,NA,660,464,0,0
"47_6D_17","47_6D","47",57,5.875,0,0,NA,660,464,0,0
"47_6D_17","47_6D","47",58,6,0,0,NA,660,464,0,0
"47_6D_17","47_6D","47",59,6.125,0,0,NA,660,464,0,0
"47_6D_17","47_6D","47",60,6.25,0,1,3.10949110984802,660.81,463,1.28689548915206,0
"47_6D_17","47_6D","47",61,6.375,0,0,NA,660.81,463,0,0
"47_6D_17","47_6D","47",62,6.5,0,0,NA,660.81,463,0,0
"47_6D_17","47_6D","47",63,6.625,0,0,NA,660.81,463,0,0
"47_6D_17","47_6D","47",64,6.75,0,0,NA,660.81,463,0,0
"47_6D_17","47_6D","47",65,6.875,0,0,NA,660.81,463,0,0
"47_6D_17","47_6D","47",66,7,0,0,NA,660.81,463,0,0
"47_6D_17","47_6D","47",67,7.125,0,0,NA,660.81,463,0,0
"47_6D_17","47_6D","47",68,7.25,0,0,NA,660.81,463,0,0
"47_6D_17","47_6D","47",69,7.375,0,0,NA,660.81,463,0,0
"47_6D_17","47_6D","47",70,7.5,0,0,NA,660.81,463,0,0
"47_6D_17","47_6D","47",71,7.625,0,0,NA,660.81,463,0,0
"47_6D_17","47_6D","47",72,7.75,0,0,NA,660.81,463,0,0
"47_6D_17","47_6D","47",73,7.875,0,0,NA,660.81,463,0,0
"47_6D_17","47_6D","47",74,8,0,0,NA,660.81,463,0,0
"47_6D_17","47_6D","47",75,8.125,0,0,NA,660.81,463,0,0
"47_6D_17","47_6D","47",76,8.25,0,0,NA,660.81,463,0,0
"47_6D_17","47_6D","47",77,8.375,0,1,4.54521751403809,662.57,471.23,8.41608578853618,84.8208000000002
"47_6D_17","47_6D","47",78,8.5,0,1,5.11349201202393,662.88,481.47,10.2446913081849,90.2420999999997
"47_6D_17","47_6D","47",79,8.625,0,1,6.00288105010986,663.63,490.26,8.82193856247023,97.6349999999996
"47_6D_17","47_6D","47",80,8.75,0,1,4.53070545196533,664.89,501.26,11.071928467977,160.6658
"47_6D_17","47_6D","47",81,8.875,0,1,3.61316752433777,669.22,515.37,14.7594376586644,0
"47_6D_17","47_6D","47",82,9,0,0,NA,669.22,515.37,0,0
"47_6D_17","47_6D","47",83,9.125,0,0,NA,669.22,515.37,0,0
"47_6D_17","47_6D","47",84,9.25,0,0,NA,669.22,515.37,0,0
"47_6D_17","47_6D","47",85,9.375,0,1,3.61316752433777,669.63,515.22,0.436577599058824,-0.0952999999999835
"47_6D_17","47_6D","47",86,9.5,0,1,3.16227769851685,669.5,515.5,0.308706980808636,0
"47_6D_17","47_6D","47",87,9.625,0,0,NA,669.5,515.5,0,0
"47_6D_17","47_6D","47",88,9.75,0,1,3.16227769851685,669.5,515.5,0,0
"47_6D_17","47_6D","47",89,9.875,0,0,NA,669.5,515.5,0,0
"47_6D_17","47_6D","47",90,10,0,1,3.61316752433777,669.22,515.37,0.308706980808636,0
"47_6D_17","47_6D","47",91,10.125,0,1,3.61316752433777,669.22,515.37,0,0
"47_6D_17","47_6D","47",92,10.25,0,1,3.61316752433777,669.22,515.37,0,0
"47_6D_17","47_6D","47",93,10.375,0,1,3.61316752433777,669.37,515.22,0.212132034355932,-0.0239999999999916
"47_6D_17","47_6D","47",94,10.5,0,1,4.29617643356323,668.89,514.9,0.576888204074281,-0.308800000000058
"47_6D_17","47_6D","47",95,10.625,0,1,3.61316752433777,669.22,515.37,0.574282160614495,0
"47_6D_17","47_6D","47",96,10.75,0,0,NA,669.22,515.37,0,0
"47_6D_17","47_6D","47",97,10.875,0,1,4.01123428344727,669,514.85,0.564623768539718,-0.0814000000000111
"47_6D_17","47_6D","47",98,11,0,1,3.72725701332092,669.37,514.85,0.370000000000005,0
"47_6D_17","47_6D","47",99,11.125,0,0,NA,669.37,514.85,0,0
"47_6D_17","47_6D","47",100,11.25,0,1,3.16227769851685,676.5,519.5,8.51230873500249,0
"47_6D_17","47_6D","47",101,11.375,0,0,NA,676.5,519.5,0,0
"47_6D_17","47_6D","47",102,11.5,0,1,3.94565057754517,689.29,526.84,14.7465148424975,32.8980000000007
"47_6D_17","47_6D","47",103,11.625,0,1,4.3159761428833,691.69,527.14,2.41867732448965,-0.498000000000138
"47_6D_17","47_6D","47",104,11.75,0,1,3.60555124282837,691.5,527,0.236008474424155,-0.144500000000026
"47_6D_17","47_6D","47",105,11.875,0,1,4.30334234237671,692.15,527.15,0.667083203206289,-0.0704999999999764
"47_6D_17","47_6D","47",106,12,0,1,3.9712381362915,692,527.33,0.234307490277234,0
"47_6D_17","47_6D","47",107,12.125,0,1,3.9712381362915,692,527.33,0,0
"47_6D_17","47_6D","47",108,12.25,0,1,4.4721360206604,692,527,0.330000000000041,0.0956999999999999
"47_6D_17","47_6D","47",109,12.375,0,1,4.61067152023315,692.29,526.71,0.410121933088146,-0.171099999999955
"47_6D_17","47_6D","47",110,12.5,0,1,4.29617643356323,692.1,527.11,0.442831796509645,0.174999999999984
"47_6D_17","47_6D","47",111,12.625,0,1,3.60555124282837,692,527.5,0.40261644278394,0
"47_6D_17","47_6D","47",112,12.75,0,1,3.60555124282837,692,527.5,0,0
"47_6D_17","47_6D","47",113,12.875,0,1,4.4721360206604,692,527,0.5,-0.16500000000002
"47_6D_17","47_6D","47",114,13,0,1,3.9712381362915,692,527.33,0.330000000000041,0
"47_6D_17","47_6D","47",115,13.125,0,0,NA,692,527.33,0,0
"47_6D_17","47_6D","47",116,13.25,0,0,NA,692,527.33,0,0
"47_6D_17","47_6D","47",117,13.375,0,0,NA,692,527.33,0,0
"47_6D_17","47_6D","47",118,13.5,0,0,NA,692,527.33,0,0
"47_6D_17","47_6D","47",119,13.625,0,0,NA,692,527.33,0,0
"47_6D_17","47_6D","47",120,13.75,0,0,NA,692,527.33,0,0
"47_6D_17","47_6D","47",121,13.875,0,0,NA,692,527.33,0,0
"47_6D_17","47_6D","47",122,14,0,0,NA,692,527.33,0,0
"47_6D_17","47_6D","47",123,14.125,0,0,NA,692,527.33,0,0
"47_6D_17","47_6D","47",124,14.25,0,0,NA,692,527.33,0,0
"47_6D_17","47_6D","47",125,14.375,0,0,NA,692,527.33,0,0
"47_6D_17","47_6D","47",126,14.5,0,0,NA,692,527.33,0,0
"47_6D_17","47_6D","47",127,14.625,0,0,NA,692,527.33,0,0
"47_6D_17","47_6D","47",128,14.75,0,0,NA,692,527.33,0,0
"47_6D_17","47_6D","47",129,14.875,0,0,NA,692,527.33,0,0
"47_6D_17","47_6D","47",130,15,0,1,4.24264049530029,708.5,527.5,16.500875734336,0
"47_6D_17","47_6D","47",131,15.125,0,1,4.24264049530029,708.5,527.5,0,0
"47_6D_17","47_6D","47",132,15.25,0,1,4.59517049789429,707.46,527.11,1.11072048689124,-1.03869999999992
"47_6D_17","47_6D","47",133,15.375,0,1,4.56155300140381,708.5,527,1.04580112832217,-0.574999999999989
"47_6D_17","47_6D","47",134,15.5,0,1,3.60555124282837,708,527.5,0.707106781186548,0
"47_6D_17","47_6D","47",135,15.625,0,1,3.60555124282837,708,527.5,0,0
"47_6D_17","47_6D","47",136,15.75,0,0,NA,708,527.5,0,0
"47_6D_17","47_6D","47",137,15.875,0,0,NA,708,527.5,0,0
"47_6D_17","47_6D","47",138,16,0,0,NA,708,527.5,0,0
"47_6D_17","47_6D","47",139,16.125,0,0,NA,708,527.5,0,0
"47_6D_17","47_6D","47",140,16.25,0,0,NA,708,527.5,0,0
"47_6D_17","47_6D","47",141,16.375,0,0,NA,708,527.5,0,0
"47_6D_17","47_6D","47",142,16.5,0,0,NA,708,527.5,0,0
"47_6D_17","47_6D","47",143,16.625,0,0,NA,708,527.5,0,0
"47_6D_17","47_6D","47",144,16.75,0,0,NA,708,527.5,0,0
"47_6D_17","47_6D","47",145,16.875,0,0,NA,708,527.5,0,0
"47_6D_17","47_6D","47",146,17,0,0,NA,708,527.5,0,0
"47_6D_17","47_6D","47",147,17.125,0,0,NA,708,527.5,0,0
"47_6D_17","47_6D","47",148,17.25,0,0,NA,708,527.5,0,0
"47_6D_17","47_6D","47",149,17.375,0,0,NA,708,527.5,0,0
"47_6D_17","47_6D","47",150,17.5,0,0,NA,708,527.5,0,0
"47_6D_17","47_6D","47",151,17.625,0,0,NA,708,527.5,0,0
"47_6D_17","47_6D","47",152,17.75,0,0,NA,708,527.5,0,0
"47_6D_17","47_6D","47",153,17.875,0,0,NA,708,527.5,0,0
"47_6D_17","47_6D","47",154,18,0,0,NA,708,527.5,0,0
"47_6D_17","47_6D","47",155,18.125,0,0,NA,708,527.5,0,0
"47_6D_17","47_6D","47",156,18.25,0,0,NA,708,527.5,0,0
"47_6D_17","47_6D","47",157,18.375,0,0,NA,708,527.5,0,0
"47_6D_17","47_6D","47",158,18.5,0,0,NA,708,527.5,0,0
"47_6D_17","47_6D","47",159,18.625,0,0,NA,708,527.5,0,0
"47_6D_17","47_6D","47",160,18.75,0,0,NA,708,527.5,0,0
"47_6D_17","47_6D","47",161,18.875,0,1,3.84965634346008,738.21,504.7,37.8481716863576,0
"47_6D_17","47_6D","47",162,19,0,0,NA,738.21,504.7,0,0
"47_6D_17","47_6D","47",163,19.125,0,0,NA,738.21,504.7,0,0
"47_6D_17","47_6D","47",164,19.25,0,0,NA,738.21,504.7,0,0
"47_6D_17","47_6D","47",165,19.375,0,0,NA,738.21,504.7,0,0
"47_6D_17","47_6D","47",166,19.5,0,0,NA,738.21,504.7,0,0
"47_6D_17","47_6D","47",167,19.625,0,1,3.10949110984802,739,502.81,2.04846283832534,-0.359099999999993
"47_6D_17","47_6D","47",168,19.75,0,1,3.41421365737915,739,503,0.189999999999998,0
"47_6D_17","47_6D","47",169,19.875,0,0,NA,739,503,0,0
"47_6D_17","47_6D","47",170,20,0,0,NA,739,503,0,0
"47_6D_17","47_6D","47",171,20.125,0,0,NA,739,503,0,0
"47_6D_17","47_6D","47",172,20.25,0,0,NA,739,503,0,0
"47_6D_17","47_6D","47",173,20.375,0,0,NA,739,503,0,0
"47_6D_17","47_6D","47",174,20.5,0,0,NA,739,503,0,0
"47_6D_17","47_6D","47",175,20.625,0,0,NA,739,503,0,0
"47_6D_17","47_6D","47",176,20.75,0,0,NA,739,503,0,0
"47_6D_17","47_6D","47",177,20.875,0,0,NA,739,503,0,0
"47_6D_17","47_6D","47",178,21,0,1,3.61316752433777,738.63,502.78,0.430464865000636,0
"47_6D_17","47_6D","47",179,21.125,0,0,NA,738.63,502.78,0,0
"47_6D_17","47_6D","47",180,21.25,0,0,NA,738.63,502.78,0,0
"47_6D_17","47_6D","47",181,21.375,0,0,NA,738.63,502.78,0,0
"47_6D_17","47_6D","47",182,21.5,0,1,3.61316752433777,738.63,503.22,0.440000000000055,0
"47_6D_17","47_6D","47",183,21.625,0,0,NA,738.63,503.22,0,0
"47_6D_17","47_6D","47",184,21.75,0,0,NA,738.63,503.22,0,0
"47_6D_17","47_6D","47",185,21.875,0,0,NA,738.63,503.22,0,0
"47_6D_17","47_6D","47",186,22,0,1,3.61316752433777,735.78,486.63,16.8330211192169,90.1797000000001
"47_6D_17","47_6D","47",187,22.125,0,1,4.56155300140381,734,481.5,5.43003683228759,0
"47_6D_17","47_6D","47",188,22.25,0,0,NA,734,481.5,0,0
"47_6D_17","47_6D","47",189,22.375,0,1,4.82044458389282,725,466.19,17.7593946968921,0
"47_6D_17","47_6D","47",190,22.5,0,0,NA,725,466.19,0,0
"47_6D_17","47_6D","47",191,22.625,0,1,4.48923778533936,717.15,457.85,11.4533008342573,74.2923999999997
"47_6D_17","47_6D","47",192,22.75,0,1,4.3159761428833,712.69,453.14,6.48657845092462,11.3404000000002
"47_6D_17","47_6D","47",193,22.875,0,1,4.57052564620972,711.14,452.2,1.81276032613256,0.404999999999977
"47_6D_17","47_6D","47",194,23,0,1,4.4721360206604,711,452,0.244131112314657,0.0702000000000008
"47_6D_17","47_6D","47",195,23.125,0,1,5.10167217254639,710.67,451.88,0.351140997321629,-0.123300000000028
"47_6D_17","47_6D","47",196,23.25,0,1,4.4721360206604,711,452,0.351140997321629,-0.1515
"47_6D_17","47_6D","47",197,23.375,0,1,5.05560827255249,710.57,451.92,0.437378554572529,-0.169199999999937
"47_6D_17","47_6D","47",198,23.5,0,1,4.4032998085022,710.93,452.1,0.402492235949876,-0.0431999999999896
"47_6D_17","47_6D","47",199,23.625,0,1,4.73271036148071,710.81,452.1,0.120000000000005,-0.0144000000000011
"47_6D_17","47_6D","47",200,23.75,0,1,4.4032998085022,710.93,451.9,0.233238075793853,-0.0400000000000182
"47_6D_17","47_6D","47",201,23.875,0,1,4.4032998085022,710.93,452.1,0.200000000000045,-0.0400000000000182
"47_6D_17","47_6D","47",202,24,0,1,4.4032998085022,711.07,451.9,0.244131112314769,-0.0364000000000407
"47_6D_17","47_6D","47",203,24.125,0,1,4.73271036148071,710.81,451.9,0.260000000000105,-0.0494000000000341
"47_6D_17","47_6D","47",204,24.25,0,1,5.10775804519653,711,452.2,0.355105618091333,-0.126500000000022
"47_6D_17","47_6D","47",205,24.375,0,1,5.10945129394531,710.65,452,0.403112887414942,0
"47_6D_17","47_6D","47",206,24.5,0,1,5.10945129394531,710.65,452,0,0
"47_6D_17","47_6D","47",207,24.625,0,0,NA,710.65,452,0,0
"47_6D_17","47_6D","47",208,24.75,0,1,5.10167217254639,710.67,452.12,0.121655250605966,-0.00460000000000982
"47_6D_17","47_6D","47",209,24.875,0,1,4.34192895889282,711.16,452,0.504479930225187,-0.2499
"47_6D_17","47_6D","47",210,25,0,1,5.10945129394531,710.65,452,0.509999999999991,-0.260099999999991
"47_6D_17","47_6D","47",211,25.125,0,1,5.30143642425537,711.16,452.09,0.517880295048949,0
"47_6D_17","47_6D","47",212,25.25,0,0,NA,711.16,452.09,0,0
"47_6D_17","47_6D","47",213,25.375,0,0,NA,711.16,452.09,0,0
"47_6D_17","47_6D","47",214,25.5,0,0,NA,711.16,452.09,0,0
"47_6D_17","47_6D","47",215,25.625,0,0,NA,711.16,452.09,0,0
"47_6D_17","47_6D","47",216,25.75,0,1,3.61316752433777,711.16,452.09,0,0
"47_6D_17","47_6D","47",217,25.875,0,0,NA,711.16,452.09,0,0
"47_6D_17","47_6D","47",218,26,0,0,NA,711.16,452.09,0,0
"47_6D_17","47_6D","47",219,26.125,0,1,3.60555124282837,711.16,452.09,0,0
"47_6D_17","47_6D","47",220,26.25,0,0,NA,711.16,452.09,0,0
"47_6D_17","47_6D","47",221,26.375,0,0,NA,711.16,452.09,0,0
"47_6D_17","47_6D","47",222,26.5,0,1,3.79621624946594,677.72,445.41,34.100674480133,168.238400000003
"47_6D_17","47_6D","47",223,26.625,0,1,3.63458633422852,671.81,449.81,7.36804587390719,3.57959999999936
"47_6D_17","47_6D","47",224,26.75,0,1,3.83653593063354,671.45,450.14,0.488364617882907,0
"47_6D_17","47_6D","47",225,26.875,0,0,NA,671.45,450.14,0,0
"47_6D_17","47_6D","47",226,27,0,0,NA,671.45,450.14,0,0
"47_6D_17","47_6D","47",227,27.125,0,0,NA,671.45,450.14,0,0
"47_6D_17","47_6D","47",228,27.25,0,1,3.94565057754517,664.71,457.16,9.7318035327477,-2.24640000000036
"47_6D_17","47_6D","47",229,27.375,0,1,3.94565057754517,664.71,456.84,0.32000000000005,-2.45120000000039
"47_6D_17","47_6D","47",230,27.5,0,1,3.16227769851685,660.5,464.5,8.74069219226948,-4.47960000000004
"47_6D_17","47_6D","47",231,27.625,0,1,3.10949110984802,661,464.19,0.58830264320331,-0.165800000000016
"47_6D_17","47_6D","47",232,27.75,0,1,3.61316752433777,660.78,464.37,0.284253408071063,0.00600000000000216
"47_6D_17","47_6D","47",233,27.875,0,1,3.61316752433777,660.63,464.22,0.212132034355932,0
"47_6D_17","47_6D","47",234,28,0,0,NA,660.63,464.22,0,0
"47_6D_17","47_6D","47",235,28.125,0,1,3.30277562141418,661,464.5,0.464004310324794,0
"47_6D_17","47_6D","47",236,28.25,0,1,3.30277562141418,661,464.5,0,0
"47_6D_17","47_6D","47",237,28.375,0,1,3.30277562141418,661,464.5,0,0
"47_6D_17","47_6D","47",238,28.5,0,0,NA,661,464.5,0,0
"47_6D_17","47_6D","47",239,28.625,0,0,NA,661,464.5,0,0
"47_6D_17","47_6D","47",240,28.75,0,0,NA,661,464.5,0,0
"47_6D_17","47_6D","47",241,28.875,0,1,3.10949110984802,661.19,464,0.534883164812673,0
"47_6D_17","47_6D","47",242,29,0,0,NA,661.19,464,0,0
"47_6D_17","47_6D","47",243,29.125,0,0,NA,661.19,464,0,0
"47_6D_17","47_6D","47",244,29.25,0,1,3.16227769851685,657.5,476.5,13.033268968298,6.25
"47_6D_17","47_6D","47",245,29.375,0,1,3.60555124282837,657.5,477,0.5,0
"47_6D_17","47_6D","47",246,29.5,0,0,NA,657.5,477,0,0
"47_6D_17","47_6D","47",247,29.625,0,0,NA,657.5,477,0,0
"47_6D_17","47_6D","47",248,29.75,0,0,NA,657.5,477,0,0
"47_6D_17","47_6D","47",249,29.875,0,0,NA,657.5,477,0,0
"47_6D_17","47_6D","47",250,30,0,1,3.30277562141418,659.5,497,20.0997512422418,0
"47_6D_17","47_6D","47",251,30.125,0,0,NA,659.5,497,0,0
"47_6D_17","47_6D","47",252,30.25,0,0,NA,659.5,497,0,0
"47_6D_17","47_6D","47",253,30.375,0,0,NA,659.5,497,0,0
"47_6D_17","47_6D","47",254,30.5,0,0,NA,659.5,497,0,0
"47_6D_17","47_6D","47",255,30.625,0,0,NA,659.5,497,0,0
"47_6D_17","47_6D","47",256,30.75,0,1,3.30277562141418,659.5,497,0,0
"47_6D_17","47_6D","47",257,30.875,0,0,NA,659.5,497,0,0
"47_6D_17","47_6D","47",258,31,0,0,NA,659.5,497,0,0
"47_6D_17","47_6D","47",259,31.125,0,0,NA,659.5,497,0,0
"47_6D_17","47_6D","47",260,31.25,0,0,NA,659.5,497,0,0
"47_6D_17","47_6D","47",261,31.375,0,0,NA,659.5,497,0,0
"47_6D_17","47_6D","47",262,31.5,0,0,NA,659.5,497,0,0
"47_6D_17","47_6D","47",263,31.625,0,1,3.30277562141418,661.5,501,4.47213595499958,9.38000000000011
"47_6D_17","47_6D","47",264,31.75,0,1,3.10949110984802,662.19,503,2.1156795598578,0
"47_6D_17","47_6D","47",265,31.875,0,0,NA,662.19,503,0,0
"47_6D_17","47_6D","47",266,32,0,0,NA,662.19,503,0,0
"47_6D_17","47_6D","47",267,32.125,0,0,NA,662.19,503,0,0
"47_6D_17","47_6D","47",268,32.25,0,0,NA,662.19,503,0,0
"47_6D_17","47_6D","47",269,32.375,0,0,NA,662.19,503,0,0
"47_6D_17","47_6D","47",270,32.5,0,0,NA,662.19,503,0,0
"47_6D_17","47_6D","47",271,32.625,0,0,NA,662.19,503,0,0
"47_6D_17","47_6D","47",272,32.75,0,0,NA,662.19,503,0,0
"47_6D_17","47_6D","47",273,32.875,0,0,NA,662.19,503,0,0
"47_6D_17","47_6D","47",274,33,0,0,NA,662.19,503,0,0
"47_6D_17","47_6D","47",275,33.125,0,0,NA,662.19,503,0,0
"47_6D_17","47_6D","47",276,33.25,0,0,NA,662.19,503,0,0
"47_6D_17","47_6D","47",277,33.375,0,0,NA,662.19,503,0,0
"47_6D_17","47_6D","47",278,33.5,0,0,NA,662.19,503,0,0
"47_6D_17","47_6D","47",279,33.625,0,0,NA,662.19,503,0,0
"47_6D_17","47_6D","47",280,33.75,0,0,NA,662.19,503,0,0
"47_6D_17","47_6D","47",281,33.875,0,0,NA,662.19,503,0,0
"47_6D_17","47_6D","47",282,34,0,0,NA,662.19,503,0,0
"47_6D_17","47_6D","47",283,34.125,0,0,NA,662.19,503,0,0
"47_6D_17","47_6D","47",284,34.25,0,0,NA,662.19,503,0,0
"47_6D_17","47_6D","47",285,34.375,0,0,NA,662.19,503,0,0
"47_6D_17","47_6D","47",286,34.5,0,0,NA,662.19,503,0,0
"47_6D_17","47_6D","47",287,34.625,0,0,NA,662.19,503,0,0
"47_6D_17","47_6D","47",288,34.75,0,0,NA,662.19,503,0,0
"47_6D_17","47_6D","47",289,34.875,0,0,NA,662.19,503,0,0
"47_6D_17","47_6D","47",290,35,0,0,NA,662.19,503,0,0
"47_6D_17","47_6D","47",291,35.125,0,0,NA,662.19,503,0,0
"47_6D_17","47_6D","47",292,35.25,0,0,NA,662.19,503,0,0
"47_6D_17","47_6D","47",293,35.375,0,0,NA,662.19,503,0,0
"47_6D_17","47_6D","47",294,35.5,0,1,3.63458633422852,662.19,503,0,0
"47_6D_17","47_6D","47",295,35.625,0,0,NA,662.19,503,0,0
"47_6D_17","47_6D","47",296,35.75,0,0,NA,662.19,503,0,0
"47_6D_17","47_6D","47",297,35.875,0,0,NA,662.19,503,0,0
"47_6D_17","47_6D","47",298,36,0,0,NA,662.19,503,0,0
"47_6D_17","47_6D","47",299,36.125,0,0,NA,662.19,503,0,0
"47_6D_17","47_6D","47",300,36.25,0,0,NA,662.19,503,0,0
"47_6D_17","47_6D","47",301,36.375,0,0,NA,662.19,503,0,0
"47_6D_17","47_6D","47",302,36.5,0,0,NA,662.19,503,0,0
"47_6D_17","47_6D","47",303,36.625,0,0,NA,662.19,503,0,0
"47_6D_17","47_6D","47",304,36.75,0,0,NA,662.19,503,0,0
"47_6D_17","47_6D","47",305,36.875,0,0,NA,662.19,503,0,0
"47_6D_17","47_6D","47",306,37,0,0,NA,662.19,503,0,0
"47_6D_17","47_6D","47",307,37.125,0,0,NA,662.19,503,0,0
"47_6D_17","47_6D","47",308,37.25,0,0,NA,662.19,503,0,0
"47_6D_17","47_6D","47",309,37.375,0,0,NA,662.19,503,0,0
"47_6D_17","47_6D","47",310,37.5,0,0,NA,662.19,503,0,0
"47_6D_17","47_6D","47",311,37.625,0,0,NA,662.19,503,0,0
"47_6D_17","47_6D","47",312,37.75,0,0,NA,662.19,503,0,0
"47_6D_17","47_6D","47",313,37.875,0,0,NA,662.19,503,0,0
"47_6D_17","47_6D","47",314,38,0,0,NA,662.19,503,0,0
"47_6D_17","47_6D","47",315,38.125,0,0,NA,662.19,503,0,0
"47_6D_17","47_6D","47",316,38.25,0,0,NA,662.19,503,0,0
"47_6D_17","47_6D","47",317,38.375,0,0,NA,662.19,503,0,0
"47_6D_17","47_6D","47",318,38.5,0,0,NA,662.19,503,0,0
"47_6D_17","47_6D","47",319,38.625,0,0,NA,662.19,503,0,0
"47_6D_17","47_6D","47",320,38.75,0,0,NA,662.19,503,0,0
"47_6D_17","47_6D","47",321,38.875,0,0,NA,662.19,503,0,0
"47_6D_17","47_6D","47",322,39,0,0,NA,662.19,503,0,0
"47_6D_17","47_6D","47",323,39.125,0,0,NA,662.19,503,0,0
"47_6D_17","47_6D","47",324,39.25,0,0,NA,662.19,503,0,0
"47_6D_17","47_6D","47",325,39.375,0,0,NA,662.19,503,0,0
"47_6D_17","47_6D","47",326,39.5,0,0,NA,662.19,503,0,0
"47_6D_17","47_6D","47",327,39.625,0,0,NA,662.19,503,0,0
"47_6D_17","47_6D","47",328,39.75,0,1,3.65028142929077,662.19,503,0,0
"47_6D_17","47_6D","47",329,39.875,0,0,NA,662.19,503,0,0
"47_6D_17","47_6D","47",330,40,0,0,NA,662.19,503,0,0
"47_6D_17","47_6D","47",331,40.125,0,1,3.65028142929077,709,417,97.9141261514394,0
"47_6D_17","47_6D","47",332,40.25,0,0,NA,709,417,0,0
"47_6D_17","47_6D","47",333,40.375,0,0,NA,709,417,0,0
"47_6D_17","47_6D","47",334,40.5,0,0,NA,709,417,0,0
"47_6D_17","47_6D","47",335,40.625,0,0,NA,709,417,0,0
"47_6D_17","47_6D","47",336,40.75,0,2,3.10949110984802,709,417,0,0
"47_6D_17","47_6D","47",337,40.875,0,1,3.60555124282837,709,417,0,0
"47_6D_17","47_6D","47",338,41,0,0,NA,709,417,0,0
"47_6D_17","47_6D","47",339,41.125,0,0,NA,709,417,0,0
"47_6D_17","47_6D","47",340,41.25,0,0,NA,709,417,0,0
"47_6D_17","47_6D","47",341,41.375,0,0,NA,709,417,0,0
"47_6D_17","47_6D","47",342,41.5,0,0,NA,709,417,0,0
"47_6D_17","47_6D","47",343,41.625,0,0,NA,709,417,0,0
"47_6D_17","47_6D","47",344,41.75,0,0,NA,709,417,0,0
"47_6D_17","47_6D","47",345,41.875,0,0,NA,709,417,0,0
"47_6D_17","47_6D","47",346,42,0,0,NA,709,417,0,0
"47_6D_17","47_6D","47",347,42.125,0,0,NA,709,417,0,0
"47_6D_17","47_6D","47",348,42.25,0,0,NA,709,417,0,0
"47_6D_17","47_6D","47",349,42.375,0,0,NA,709,417,0,0
"47_6D_17","47_6D","47",350,42.5,0,0,NA,709,417,0,0
"47_6D_17","47_6D","47",351,42.625,0,0,NA,709,417,0,0
"47_6D_17","47_6D","47",352,42.75,0,0,NA,709,417,0,0
"47_6D_17","47_6D","47",353,42.875,0,0,NA,709,417,0,0
"47_6D_17","47_6D","47",354,43,0,0,NA,709,417,0,0
"47_6D_17","47_6D","47",355,43.125,0,1,3.16227769851685,739.5,496.5,85.1498678801089,0
"47_6D_17","47_6D","47",356,43.25,0,1,3.16227769851685,739.5,496.5,0,0
"47_6D_17","47_6D","47",357,43.375,0,1,3.16227769851685,739.5,496.5,0,0
"47_6D_17","47_6D","47",358,43.5,0,1,3.61316752433777,739.22,496.63,0.308706980808636,-0.0952999999999835
"47_6D_17","47_6D","47",359,43.625,0,1,3.16227769851685,739.5,496.5,0.308706980808636,0
"47_6D_17","47_6D","47",360,43.75,0,0,NA,739.5,496.5,0,0
"47_6D_17","47_6D","47",361,43.875,0,1,3.61316752433777,738.37,496.78,1.16417352658441,0
"47_6D_17","47_6D","47",362,44,0,0,NA,738.37,496.78,0,0
"47_6D_17","47_6D","47",363,44.125,0,1,3.57600021362305,743.72,485.5,12.4844262983927,-6.81700000000014
"47_6D_17","47_6D","47",364,44.25,0,1,3.60555124282837,743.5,486,0.546260011349918,-0.373000000000002
"47_6D_17","47_6D","47",365,44.375,0,1,4.30345630645752,743.65,485.32,0.696347614342149,0
"47_6D_17","47_6D","47",366,44.5,0,0,NA,743.65,485.32,0,0
"47_6D_17","47_6D","47",367,44.625,0,1,3.72725701332092,743.63,483.15,2.17009216394145,1.4757999999999
"47_6D_17","47_6D","47",368,44.75,0,1,4.85450744628906,743.62,482.47,0.680073525436722,0
"47_6D_17","47_6D","47",369,44.875,0,0,NA,743.62,482.47,0,0
"47_6D_17","47_6D","47",370,45,0,1,4.57052564620972,743.8,483.14,0.693757882838045,-0.639499999999944
"47_6D_17","47_6D","47",371,45.125,0,1,4.00222158432007,743.56,482.25,0.921791733527688,-0.414600000000027
"47_6D_17","47_6D","47",372,45.25,0,1,4.18675136566162,743.73,482.67,0.45310043036841,-0.110500000000029
"47_6D_17","47_6D","47",373,45.375,0,1,4.24264049530029,743.5,482.5,0.286006992921526,0
"47_6D_17","47_6D","47",374,45.5,0,0,NA,743.5,482.5,0,0
"47_6D_17","47_6D","47",375,45.625,0,1,3.72725701332092,743.85,482.63,0.373363094051909,0
"47_6D_17","47_6D","47",376,45.75,0,1,3.72725701332092,743.85,482.63,0,0
"47_6D_17","47_6D","47",377,45.875,0,1,4.30334234237671,743.85,482.85,0.220000000000027,0
"47_6D_17","47_6D","47",378,46,0,0,NA,743.85,482.85,0,0
"47_6D_17","47_6D","47",379,46.125,0,0,NA,743.85,482.85,0,0
"47_6D_17","47_6D","47",380,46.25,0,0,NA,743.85,482.85,0,0
"47_6D_17","47_6D","47",381,46.375,0,0,NA,743.85,482.85,0,0
"47_6D_17","47_6D","47",382,46.5,0,0,NA,743.85,482.85,0,0
"47_6D_17","47_6D","47",383,46.625,0,0,NA,743.85,482.85,0,0
"47_6D_17","47_6D","47",384,46.75,0,0,NA,743.85,482.85,0,0
"47_6D_17","47_6D","47",385,46.875,0,0,NA,743.85,482.85,0,0
"47_6D_17","47_6D","47",386,47,0,0,NA,743.85,482.85,0,0
"47_6D_17","47_6D","47",387,47.125,0,0,NA,743.85,482.85,0,0
"47_6D_17","47_6D","47",388,47.25,0,0,NA,743.85,482.85,0,0
"47_6D_17","47_6D","47",389,47.375,0,0,NA,743.85,482.85,0,0
"47_6D_17","47_6D","47",390,47.5,0,0,NA,743.85,482.85,0,0
"47_6D_17","47_6D","47",391,47.625,0,0,NA,743.85,482.85,0,0
"47_6D_17","47_6D","47",392,47.75,0,0,NA,743.85,482.85,0,0
"47_6D_17","47_6D","47",393,47.875,0,0,NA,743.85,482.85,0,0
"47_6D_17","47_6D","47",394,48,0,0,NA,743.85,482.85,0,0
"47_6D_17","47_6D","47",395,48.125,0,1,3.61316752433777,736.37,462.22,21.9441860181689,114.037200000001
"47_6D_17","47_6D","47",396,48.25,0,1,3.61316752433777,733.37,457.78,5.35850725482391,45.3000000000004
"47_6D_17","47_6D","47",397,48.375,0,1,3.61316752433777,728.63,450.78,8.4538511933911,0
"47_6D_17","47_6D","47",398,48.5,0,0,NA,728.63,450.78,0,0
"47_6D_17","47_6D","47",399,48.625,0,1,3.16227769851685,722.5,446.5,7.47631593767945,0
"47_6D_17","47_6D","47",400,48.75,0,0,NA,722.5,446.5,0,0
"47_6D_17","47_6D","47",401,48.875,0,0,NA,722.5,446.5,0,0
"47_6D_17","47_6D","47",402,49,0,1,3.16227769851685,722.5,446.5,0,0
"47_6D_17","47_6D","47",403,49.125,0,0,NA,722.5,446.5,0,0
"47_6D_17","47_6D","47",404,49.25,0,0,NA,722.5,446.5,0,0
"47_6D_17","47_6D","47",405,49.375,0,0,NA,722.5,446.5,0,0
"47_6D_17","47_6D","47",406,49.5,0,0,NA,722.5,446.5,0,0
"47_6D_17","47_6D","47",407,49.625,0,1,3.10949110984802,692,439.81,31.225087670013,21.4032000000002
"47_6D_17","47_6D","47",408,49.75,0,1,4.08487749099731,691.25,440.03,0.781600921186757,-0.18740000000002
"47_6D_17","47_6D","47",409,49.875,0,1,3.83653593063354,691.45,439.86,0.262488094968142,0.0337999999999851
"47_6D_17","47_6D","47",410,50,0,1,3.57600021362305,691.5,439.72,0.148660687473157,-0.0561999999999785
"47_6D_17","47_6D","47",411,50.125,0,1,4.34192895889282,691.16,440,0.440454310910912,-0.124000000000013
"47_6D_17","47_6D","47",412,50.25,0,1,3.61316752433777,691.22,439.63,0.37483329627984,-0.0164999999999973
"47_6D_17","47_6D","47",413,50.375,0,1,3.57600021362305,691.5,439.72,0.294108823397039,0
"47_6D_17","47_6D","47",414,50.5,0,1,3.57600021362305,691.5,439.72,0,0
"47_6D_17","47_6D","47",415,50.625,0,1,3.61316752433777,691.78,439.63,0.294108823397039,-0.136399999999983
"47_6D_17","47_6D","47",416,50.75,0,1,3.79621624946594,691.28,439.59,0.50159744815938,-0.220000000000027
"47_6D_17","47_6D","47",417,50.875,0,1,3.79621624946594,691.72,439.59,0.440000000000055,-0.193600000000048
"47_6D_17","47_6D","47",418,51,0,1,3.79621624946594,691.28,439.59,0.440000000000055,-0.096800000000024
"47_6D_17","47_6D","47",419,51.125,0,1,3.16227769851685,691.5,439.5,0.23769728648011,-0.00290000000000325
"47_6D_17","47_6D","47",420,51.25,0,1,4.4320182800293,691.54,439.63,0.136014705087339,-0.0384999999999777
"47_6D_17","47_6D","47",421,51.375,0,1,3.60555124282837,691,439.5,0.555427763079916,-0.139499999999979
"47_6D_17","47_6D","47",422,51.5,0,1,3.79621624946594,691.28,439.41,0.294108823397021,-2.58829999999964
"47_6D_17","47_6D","47",423,51.625,0,1,4.13491296768188,684,445.52,9.50423589774576,-2.02149999999994
"47_6D_17","47_6D","47",424,51.75,0,1,3.50364899635315,684.37,445.63,0.386005181312384,-0.14530000000001
"47_6D_17","47_6D","47",425,51.875,0,1,4.29617643356323,683.9,445.89,0.537121960079851,0
"47_6D_17","47_6D","47",426,52,0,0,NA,683.9,445.89,0,0
"47_6D_17","47_6D","47",427,52.125,0,1,3.61316752433777,677.78,449.63,7.17230785730786,0
"47_6D_17","47_6D","47",428,52.25,0,0,NA,677.78,449.63,0,0
"47_6D_17","47_6D","47",429,52.375,0,1,3.61316752433777,674.22,451.63,4.08333197278884,0
"47_6D_17","47_6D","47",430,52.5,0,1,3.61316752433777,674.22,451.63,0,0
"47_6D_17","47_6D","47",431,52.625,0,0,NA,674.22,451.63,0,0
"47_6D_17","47_6D","47",432,52.75,0,0,NA,674.22,451.63,0,0
"47_6D_17","47_6D","47",433,52.875,0,1,3.61316752433777,673.78,451.37,0.511077293567268,-0.50760000000005
"47_6D_17","47_6D","47",434,53,0,1,3.61316752433777,674.78,451.63,1.03324730824716,0.266800000000027
"47_6D_17","47_6D","47",435,53.125,0,1,3.10949110984802,675,451.81,0.284253408071063,-0.165800000000016
"47_6D_17","47_6D","47",436,53.25,0,1,3.16227769851685,674.5,451.5,0.58830264320331,-0.190000000000026
"47_6D_17","47_6D","47",437,53.375,0,1,3.10949110984802,675.19,451,0.852115015710952,-0.726100000000075
"47_6D_17","47_6D","47",438,53.5,0,1,3.16227769851685,674.5,451.5,0.852115015710952,0
"47_6D_17","47_6D","47",439,53.625,0,0,NA,674.5,451.5,0,0
"47_6D_17","47_6D","47",440,53.75,0,0,NA,674.5,451.5,0,0
"47_6D_17","47_6D","47",441,53.875,0,0,NA,674.5,451.5,0,0
"47_6D_17","47_6D","47",442,54,0,0,NA,674.5,451.5,0,0
"47_6D_17","47_6D","47",443,54.125,0,1,3.94565057754517,675.16,451.29,0.692603782836875,0
"47_6D_17","47_6D","47",444,54.25,0,0,NA,675.16,451.29,0,0
"47_6D_17","47_6D","47",445,54.375,0,0,NA,675.16,451.29,0,0
"47_6D_17","47_6D","47",446,54.5,0,0,NA,675.16,451.29,0,0
"47_6D_17","47_6D","47",447,54.625,0,0,NA,675.16,451.29,0,0
"47_6D_17","47_6D","47",448,54.75,0,0,NA,675.16,451.29,0,0
"47_6D_17","47_6D","47",449,54.875,0,0,NA,675.16,451.29,0,0
"47_6D_17","47_6D","47",450,55,0,0,NA,675.16,451.29,0,0
"47_6D_17","47_6D","47",451,55.125,0,0,NA,675.16,451.29,0,0
"47_6D_17","47_6D","47",452,55.25,0,0,NA,675.16,451.29,0,0
"47_6D_17","47_6D","47",453,55.375,0,0,NA,675.16,451.29,0,0
"47_6D_17","47_6D","47",454,55.5,0,0,NA,675.16,451.29,0,0
"47_6D_17","47_6D","47",455,55.625,0,0,NA,675.16,451.29,0,0
"47_6D_17","47_6D","47",456,55.75,0,0,NA,675.16,451.29,0,0
"47_6D_17","47_6D","47",457,55.875,0,0,NA,675.16,451.29,0,0
"47_6D_17","47_6D","47",458,56,0,0,NA,675.16,451.29,0,0
"47_6D_17","47_6D","47",459,56.125,0,1,3.79621624946594,658.41,471.28,26.0799271471375,147.9553
"47_6D_17","47_6D","47",460,56.25,0,1,3.60555124282837,657,477.5,6.37781310481894,3.9567000000002
"47_6D_17","47_6D","47",461,56.375,0,1,3.61316752433777,657.37,478.22,0.809506022213574,1.68970000000004
"47_6D_17","47_6D","47",462,56.5,0,1,3.16227769851685,657.5,480.5,2.28370313307134,2.27999999999997
"47_6D_17","47_6D","47",463,56.625,0,1,3.16227769851685,657.5,481.5,1,0.279999999999973
"47_6D_17","47_6D","47",464,56.75,0,1,3.61316752433777,657.37,481.78,0.308706980808636,0
"47_6D_17","47_6D","47",465,56.875,0,1,3.60555124282837,657.37,481.78,0,0
"47_6D_17","47_6D","47",466,57,0,0,NA,657.37,481.78,0,0
"47_6D_17","47_6D","47",467,57.125,0,0,NA,657.37,481.78,0,0
"47_6D_17","47_6D","47",468,57.25,0,0,NA,657.37,481.78,0,0
"47_6D_17","47_6D","47",469,57.375,0,0,NA,657.37,481.78,0,0
"47_6D_17","47_6D","47",470,57.5,0,0,NA,657.37,481.78,0,0
"47_6D_17","47_6D","47",471,57.625,0,0,NA,657.37,481.78,0,0
"47_6D_17","47_6D","47",472,57.75,0,0,NA,657.37,481.78,0,0
"47_6D_17","47_6D","47",473,57.875,0,1,3.41421365737915,663,503,21.9541636142214,0
"47_6D_17","47_6D","47",474,58,0,0,NA,663,503,0,0
"47_6D_17","47_6D","47",475,58.125,0,0,NA,663,503,0,0
"47_6D_17","47_6D","47",476,58.25,0,0,NA,663,503,0,0
"47_6D_17","47_6D","47",477,58.375,0,0,NA,663,503,0,0
"47_6D_17","47_6D","47",478,58.5,0,0,NA,663,503,0,0
"47_6D_17","47_6D","47",479,58.625,0,0,NA,663,503,0,0
"47_6D_17","47_6D","47",480,58.75,0,0,NA,663,503,0,0
"47_6D_17","47_6D","47",481,58.875,0,0,NA,663,503,0,0
"47_6D_17","47_6D","47",482,59,0,0,NA,663,503,0,0
"47_6D_17","47_6D","47",483,59.125,0,0,NA,663,503,0,0
"47_6D_17","47_6D","47",484,59.25,0,0,NA,663,503,0,0
"47_6D_17","47_6D","47",485,59.375,0,0,NA,663,503,0,0
"47_6D_17","47_6D","47",486,59.5,0,0,NA,663,503,0,0
"47_6D_17","47_6D","47",487,59.625,1,1,3.16227769851685,662.5,503.5,0.707106781186548,0
"47_6D_17","47_6D","47",488,59.75,1,0,NA,662.5,503.5,0,0
"47_6D_17","47_6D","47",489,59.875,1,0,NA,662.5,503.5,0,0
"47_6D_17","47_6D","47",490,60,1,3,4.4320182800293,676.34,540.37,39.382007312985,0
"47_6D_17","47_6D","47",491,60.125,1,0,NA,676.34,540.37,0,0
"47_6D_17","47_6D","47",492,60.25,1,0,NA,676.34,540.37,0,0
"47_6D_17","47_6D","47",493,60.375,1,0,NA,676.34,540.37,0,0
"47_6D_17","47_6D","47",494,60.5,1,0,NA,676.34,540.37,0,0
"47_6D_17","47_6D","47",495,60.625,0,0,NA,676.34,540.37,0,0
"47_6D_17","47_6D","47",496,60.75,0,0,NA,676.34,540.37,0,0
"47_6D_17","47_6D","47",497,60.875,0,0,NA,676.34,540.37,0,0
"47_6D_17","47_6D","47",498,61,0,0,NA,676.34,540.37,0,0
"47_6D_17","47_6D","47",499,61.125,0,0,NA,676.34,540.37,0,0
"47_6D_17","47_6D","47",500,61.25,0,0,NA,676.34,540.37,0,0
"47_6D_17","47_6D","47",501,61.375,0,0,NA,676.34,540.37,0,0
"47_6D_17","47_6D","47",502,61.5,0,0,NA,676.34,540.37,0,0
"47_6D_17","47_6D","47",503,61.625,0,0,NA,676.34,540.37,0,0
"47_6D_17","47_6D","47",504,61.75,0,0,NA,676.34,540.37,0,0
"47_6D_17","47_6D","47",505,61.875,0,0,NA,676.34,540.37,0,0
"47_6D_17","47_6D","47",506,62,0,0,NA,676.34,540.37,0,0
"47_6D_17","47_6D","47",507,62.125,0,0,NA,676.34,540.37,0,0
"47_6D_17","47_6D","47",508,62.25,0,0,NA,676.34,540.37,0,0
"47_6D_17","47_6D","47",509,62.375,0,0,NA,676.34,540.37,0,0
"47_6D_17","47_6D","47",510,62.5,0,0,NA,676.34,540.37,0,0
"47_6D_17","47_6D","47",511,62.625,0,0,NA,676.34,540.37,0,0
"47_6D_17","47_6D","47",512,62.75,0,0,NA,676.34,540.37,0,0
"47_6D_17","47_6D","47",513,62.875,0,0,NA,676.34,540.37,0,0
"47_6D_17","47_6D","47",514,63,0,0,NA,676.34,540.37,0,0
"47_6D_17","47_6D","47",515,63.125,0,0,NA,676.34,540.37,0,0
"47_6D_17","47_6D","47",516,63.25,0,0,NA,676.34,540.37,0,0
"47_6D_17","47_6D","47",517,63.375,0,0,NA,676.34,540.37,0,0
"47_6D_17","47_6D","47",518,63.5,0,0,NA,676.34,540.37,0,0
"47_6D_17","47_6D","47",519,63.625,0,0,NA,676.34,540.37,0,0
"47_6D_17","47_6D","47",520,63.75,0,0,NA,676.34,540.37,0,0
"47_6D_17","47_6D","47",521,63.875,0,0,NA,676.34,540.37,0,0
"47_6D_17","47_6D","47",522,64,0,1,3.86455106735229,692.45,527.85,20.4030022300641,15.2506999999992
"47_6D_17","47_6D","47",523,64.125,0,1,3.61316752433777,694.78,529.63,2.93211527740632,4.65999999999985
"47_6D_17","47_6D","47",524,64.25,0,1,3.61316752433777,696.78,529.63,2,-0.559999999999945
"47_6D_17","47_6D","47",525,64.375,0,1,3.16227769851685,696.5,529.5,0.308706980808636,-0.0952999999999835
"47_6D_17","47_6D","47",526,64.5,0,1,3.61316752433777,696.78,529.63,0.308706980808636,-0.0952999999999835
"47_6D_17","47_6D","47",527,64.625,0,1,3.16227769851685,696.5,529.5,0.308706980808636,0.0614999999999859
"47_6D_17","47_6D","47",528,64.75,0,1,3.61316752433777,696.22,529.63,0.308706980808636,-0.0952999999999835
"47_6D_17","47_6D","47",529,64.875,0,1,3.16227769851685,696.5,529.5,0.308706980808636,0.0614999999999859
"47_6D_17","47_6D","47",530,65,0,1,3.61316752433777,696.78,529.63,0.308706980808636,-0.0952999999999835
"47_6D_17","47_6D","47",531,65.125,0,1,3.16227769851685,696.5,529.5,0.308706980808636,0
"47_6D_17","47_6D","47",532,65.25,0,0,NA,696.5,529.5,0,0
"47_6D_17","47_6D","47",533,65.375,0,1,3.61316752433777,696.78,529.63,0.308706980808636,0
"47_6D_17","47_6D","47",534,65.5,0,1,3.61316752433777,696.78,529.63,0,0
"47_6D_17","47_6D","47",535,65.625,0,0,NA,696.78,529.63,0,0
"47_6D_17","47_6D","47",536,65.75,0,1,4.27798509597778,696.78,529.63,0,0
"47_6D_17","47_6D","47",537,65.875,0,0,NA,696.78,529.63,0,0
"47_6D_17","47_6D","47",538,66,0,0,NA,696.78,529.63,0,0
"47_6D_17","47_6D","47",539,66.125,0,0,NA,696.78,529.63,0,0
"47_6D_17","47_6D","47",540,66.25,0,0,NA,696.78,529.63,0,0
"47_6D_17","47_6D","47",541,66.375,0,0,NA,696.78,529.63,0,0
"47_6D_17","47_6D","47",542,66.5,0,0,NA,696.78,529.63,0,0
"47_6D_17","47_6D","47",543,66.625,0,0,NA,696.78,529.63,0,0
"47_6D_17","47_6D","47",544,66.75,0,0,NA,696.78,529.63,0,0
"47_6D_17","47_6D","47",545,66.875,0,0,NA,696.78,529.63,0,0
"47_6D_17","47_6D","47",546,67,0,0,NA,696.78,529.63,0,0
"47_6D_17","47_6D","47",547,67.125,0,0,NA,696.78,529.63,0,0
"47_6D_17","47_6D","47",548,67.25,0,0,NA,696.78,529.63,0,0
"47_6D_17","47_6D","47",549,67.375,0,0,NA,696.78,529.63,0,0
"47_6D_17","47_6D","47",550,67.5,0,0,NA,696.78,529.63,0,0
"47_6D_17","47_6D","47",551,67.625,0,0,NA,696.78,529.63,0,0
"47_6D_17","47_6D","47",552,67.75,0,0,NA,696.78,529.63,0,0
"47_6D_17","47_6D","47",553,67.875,0,0,NA,696.78,529.63,0,0
"47_6D_17","47_6D","47",554,68,0,0,NA,696.78,529.63,0,0
"47_6D_17","47_6D","47",555,68.125,0,0,NA,696.78,529.63,0,0
"47_6D_17","47_6D","47",556,68.25,0,0,NA,696.78,529.63,0,0
"47_6D_17","47_6D","47",557,68.375,0,0,NA,696.78,529.63,0,0
"47_6D_17","47_6D","47",558,68.5,0,0,NA,696.78,529.63,0,0
"47_6D_17","47_6D","47",559,68.625,0,0,NA,696.78,529.63,0,0
"47_6D_17","47_6D","47",560,68.75,0,0,NA,696.78,529.63,0,0
"47_6D_17","47_6D","47",561,68.875,0,0,NA,696.78,529.63,0,0
"47_6D_17","47_6D","47",562,69,0,0,NA,696.78,529.63,0,0
"47_6D_17","47_6D","47",563,69.125,0,0,NA,696.78,529.63,0,0
"47_6D_17","47_6D","47",564,69.25,0,0,NA,696.78,529.63,0,0
"47_6D_17","47_6D","47",565,69.375,0,0,NA,696.78,529.63,0,0
"47_6D_17","47_6D","47",566,69.5,0,0,NA,696.78,529.63,0,0
"47_6D_17","47_6D","47",567,69.625,0,0,NA,696.78,529.63,0,0
"47_6D_17","47_6D","47",568,69.75,0,0,NA,696.78,529.63,0,0
"47_6D_17","47_6D","47",569,69.875,0,0,NA,696.78,529.63,0,0
"47_6D_17","47_6D","47",570,70,0,0,NA,696.78,529.63,0,0
"47_6D_17","47_6D","47",571,70.125,0,0,NA,696.78,529.63,0,0
"47_6D_17","47_6D","47",572,70.25,0,0,NA,696.78,529.63,0,0
"47_6D_17","47_6D","47",573,70.375,0,0,NA,696.78,529.63,0,0
"47_6D_17","47_6D","47",574,70.5,0,0,NA,696.78,529.63,0,0
"47_6D_17","47_6D","47",575,70.625,0,0,NA,696.78,529.63,0,0
"47_6D_17","47_6D","47",576,70.75,0,0,NA,696.78,529.63,0,0
"47_6D_17","47_6D","47",577,70.875,0,0,NA,696.78,529.63,0,0
"47_6D_17","47_6D","47",578,71,0,0,NA,696.78,529.63,0,0
"47_6D_17","47_6D","47",579,71.125,0,0,NA,696.78,529.63,0,0
"47_6D_17","47_6D","47",580,71.25,0,0,NA,696.78,529.63,0,0
"47_6D_17","47_6D","47",581,71.375,0,0,NA,696.78,529.63,0,0
"47_6D_17","47_6D","47",582,71.5,0,0,NA,696.78,529.63,0,0
"47_6D_17","47_6D","47",583,71.625,0,0,NA,696.78,529.63,0,0
"47_6D_17","47_6D","47",584,71.75,0,0,NA,696.78,529.63,0,0
"47_6D_17","47_6D","47",585,71.875,0,0,NA,696.78,529.63,0,0
"47_6D_17","47_6D","47",586,72,0,0,NA,696.78,529.63,0,0
"47_6D_17","47_6D","47",587,72.125,0,0,NA,696.78,529.63,0,0
"47_6D_17","47_6D","47",588,72.25,0,0,NA,696.78,529.63,0,0
"47_6D_17","47_6D","47",589,72.375,0,0,NA,696.78,529.63,0,0
"47_6D_17","47_6D","47",590,72.5,0,0,NA,696.78,529.63,0,0
"47_6D_17","47_6D","47",591,72.625,0,0,NA,696.78,529.63,0,0
"47_6D_17","47_6D","47",592,72.75,0,0,NA,696.78,529.63,0,0
"47_6D_17","47_6D","47",593,72.875,0,0,NA,696.78,529.63,0,0
"47_6D_17","47_6D","47",594,73,0,0,NA,696.78,529.63,0,0
"47_6D_17","47_6D","47",595,73.125,0,0,NA,696.78,529.63,0,0
"47_6D_17","47_6D","47",596,73.25,0,1,3.16227769851685,696.78,529.63,0,0
"47_6D_17","47_6D","47",597,73.375,0,0,NA,696.78,529.63,0,0
"47_6D_17","47_6D","47",598,73.5,0,0,NA,696.78,529.63,0,0
"47_6D_17","47_6D","47",599,73.625,0,1,3.16227769851685,696.78,529.63,0,0
"47_6D_17","47_6D","47",600,73.75,0,0,NA,696.78,529.63,0,0
"47_6D_17","47_6D","47",601,73.875,0,0,NA,696.78,529.63,0,0
"47_6D_17","47_6D","47",602,74,0,0,NA,696.78,529.63,0,0
"47_6D_17","47_6D","47",603,74.125,0,0,NA,696.78,529.63,0,0
"47_6D_17","47_6D","47",604,74.25,0,0,NA,696.78,529.63,0,0
"47_6D_17","47_6D","47",605,74.375,0,0,NA,696.78,529.63,0,0
"47_6D_17","47_6D","47",606,74.5,0,0,NA,696.78,529.63,0,0
"47_6D_17","47_6D","47",607,74.625,0,0,NA,696.78,529.63,0,0
"47_6D_17","47_6D","47",608,74.75,0,0,NA,696.78,529.63,0,0
"47_6D_17","47_6D","47",609,74.875,0,1,4.83846282958984,696.78,529.63,0,0
"47_6D_17","47_6D","47",610,75,0,1,3.72725701332092,720.63,449.15,83.9395788648002,167.718499999999
"47_6D_17","47_6D","47",611,75.125,0,1,3.57600021362305,718.72,446.5,3.26658843443733,0
"47_6D_17","47_6D","47",612,75.25,0,0,NA,718.72,446.5,0,0
"47_6D_17","47_6D","47",613,75.375,0,1,4.27798509597778,709.75,441.73,10.1594192747421,0
"47_6D_17","47_6D","47",614,75.5,0,0,NA,709.75,441.73,0,0
"47_6D_17","47_6D","47",615,75.625,0,0,NA,709.75,441.73,0,0
"47_6D_17","47_6D","47",616,75.75,0,0,NA,709.75,441.73,0,0
"47_6D_17","47_6D","47",617,75.875,0,1,3.59460496902466,707.78,441.22,2.03494471669382,0
"47_6D_17","47_6D","47",618,76,0,1,3.59460496902466,707.78,441.22,0,0
"47_6D_17","47_6D","47",619,76.125,0,0,NA,707.78,441.22,0,0
"47_6D_17","47_6D","47",620,76.25,0,1,3.59460496902466,707.78,441.22,0,0
"47_6D_17","47_6D","47",621,76.375,0,1,4.01123428344727,708,441.15,0.230867927612345,0
"47_6D_17","47_6D","47",622,76.5,0,0,NA,708,441.15,0,0
"47_6D_17","47_6D","47",623,76.625,0,0,NA,708,441.15,0,0
"47_6D_17","47_6D","47",624,76.75,0,1,3.10949110984802,708,441.81,0.660000000000025,0
"47_6D_17","47_6D","47",625,76.875,0,0,NA,708,441.81,0,0
"47_6D_17","47_6D","47",626,77,0,1,3.16227769851685,708.5,441.5,0.58830264320331,0
"47_6D_17","47_6D","47",627,77.125,0,0,NA,708.5,441.5,0,0
"47_6D_17","47_6D","47",628,77.25,0,0,NA,708.5,441.5,0,0
"47_6D_17","47_6D","47",629,77.375,0,0,NA,708.5,441.5,0,0
"47_6D_17","47_6D","47",630,77.5,0,0,NA,708.5,441.5,0,0
"47_6D_17","47_6D","47",631,77.625,0,1,4.47488498687744,690.91,439.74,17.6778307492747,128.915
"47_6D_17","47_6D","47",632,77.75,0,1,3.72725701332092,683.37,441.85,7.82966793676459,27.5067999999997
"47_6D_17","47_6D","47",633,77.875,0,1,3.61316752433777,680.22,443.63,3.61813487863564,6.29999999999995
"47_6D_17","47_6D","47",634,78,0,1,3.61316752433777,678.22,443.63,2,0
"47_6D_17","47_6D","47",635,78.125,0,0,NA,678.22,443.63,0,0
"47_6D_17","47_6D","47",636,78.25,0,1,3.10949110984802,678,443.81,0.284253408071063,0
"47_6D_17","47_6D","47",637,78.375,0,0,NA,678,443.81,0,0
"47_6D_17","47_6D","47",638,78.5,0,1,3.10949110984802,678,443.81,0,0
"47_6D_17","47_6D","47",639,78.625,0,0,NA,678,443.81,0,0
"47_6D_17","47_6D","47",640,78.75,0,0,NA,678,443.81,0,0
"47_6D_17","47_6D","47",641,78.875,0,1,3.16227769851685,677.5,443.5,0.58830264320331,0
"47_6D_17","47_6D","47",642,79,0,1,3.16227769851685,677.5,443.5,0,0
"47_6D_17","47_6D","47",643,79.125,0,0,NA,677.5,443.5,0,0
"47_6D_17","47_6D","47",644,79.25,0,0,NA,677.5,443.5,0,0
"47_6D_17","47_6D","47",645,79.375,0,0,NA,677.5,443.5,0,0
"47_6D_17","47_6D","47",646,79.5,0,0,NA,677.5,443.5,0,0
"47_6D_17","47_6D","47",647,79.625,0,0,NA,677.5,443.5,0,0
"47_6D_17","47_6D","47",648,79.75,0,0,NA,677.5,443.5,0,0
"47_6D_17","47_6D","47",649,79.875,0,0,NA,677.5,443.5,0,0
"47_6D_17","47_6D","47",650,80,0,0,NA,677.5,443.5,0,0
"47_6D_17","47_6D","47",651,80.125,0,0,NA,677.5,443.5,0,0
"47_6D_17","47_6D","47",652,80.25,0,0,NA,677.5,443.5,0,0
"47_6D_17","47_6D","47",653,80.375,0,0,NA,677.5,443.5,0,0
"47_6D_17","47_6D","47",654,80.5,0,0,NA,677.5,443.5,0,0
"47_6D_17","47_6D","47",655,80.625,0,0,NA,677.5,443.5,0,0
"47_6D_17","47_6D","47",656,80.75,0,0,NA,677.5,443.5,0,0
"47_6D_17","47_6D","47",657,80.875,0,0,NA,677.5,443.5,0,0
"47_6D_17","47_6D","47",658,81,0,0,NA,677.5,443.5,0,0
"47_6D_17","47_6D","47",659,81.125,0,0,NA,677.5,443.5,0,0
"47_6D_17","47_6D","47",660,81.25,0,1,3.10949110984802,677,444.19,0.852115015710906,0
"47_6D_17","47_6D","47",661,81.375,0,0,NA,677,444.19,0,0
"47_6D_17","47_6D","47",662,81.5,0,0,NA,677,444.19,0,0
"47_6D_17","47_6D","47",663,81.625,0,0,NA,677,444.19,0,0
"47_6D_17","47_6D","47",664,81.75,0,0,NA,677,444.19,0,0
"47_6D_17","47_6D","47",665,81.875,0,1,3.9712381362915,676.67,444,0.38078865529323,0
"47_6D_17","47_6D","47",666,82,0,0,NA,676.67,444,0,0
"47_6D_17","47_6D","47",667,82.125,0,0,NA,676.67,444,0,0
"47_6D_17","47_6D","47",668,82.25,0,0,NA,676.67,444,0,0
"47_6D_17","47_6D","47",669,82.375,0,0,NA,676.67,444,0,0
"47_6D_17","47_6D","47",670,82.5,0,0,NA,676.67,444,0,0
"47_6D_17","47_6D","47",671,82.625,0,0,NA,676.67,444,0,0
"47_6D_17","47_6D","47",672,82.75,0,0,NA,676.67,444,0,0
"47_6D_17","47_6D","47",673,82.875,0,0,NA,676.67,444,0,0
"47_6D_17","47_6D","47",674,83,0,0,NA,676.67,444,0,0
"47_6D_17","47_6D","47",675,83.125,0,0,NA,676.67,444,0,0
"47_6D_17","47_6D","47",676,83.25,0,0,NA,676.67,444,0,0
"47_6D_17","47_6D","47",677,83.375,0,0,NA,676.67,444,0,0
"47_6D_17","47_6D","47",678,83.5,0,0,NA,676.67,444,0,0
"47_6D_17","47_6D","47",679,83.625,0,1,3.61316752433777,672.78,449.37,6.63091245606515,81.6492999999997
"47_6D_17","47_6D","47",680,83.75,0,1,4.30334234237671,661.15,456.15,13.4619946516109,-5.08750000000011
"47_6D_17","47_6D","47",681,83.875,0,1,4.12310552597046,661.5,456,0.380788655293207,0
"47_6D_17","47_6D","47",682,84,0,1,4.12310552597046,661.5,456,0,0
"47_6D_17","47_6D","47",683,84.125,0,0,NA,661.5,456,0,0
"47_6D_17","47_6D","47",684,84.25,0,1,4.33298635482788,661.26,456.1,0.260000000000017,0.0790000000000064
"47_6D_17","47_6D","47",685,84.375,0,1,3.63458633422852,660.81,455.81,0.535350352573016,0.0656999999999947
"47_6D_17","47_6D","47",686,84.5,0,1,3.61316752433777,660.78,455.63,0.182482875908949,-0.0506999999999965
"47_6D_17","47_6D","47",687,84.625,0,1,4.30334234237671,661.15,455.85,0.430464865000636,-0.185300000000015
"47_6D_17","47_6D","47",688,84.75,0,1,3.61316752433777,660.78,455.63,0.430464865000636,0
"47_6D_17","47_6D","47",689,84.875,0,0,NA,660.78,455.63,0,0
"47_6D_17","47_6D","47",690,85,0,1,3.41421365737915,661,456,0.430464865000636,-0.185300000000015
"47_6D_17","47_6D","47",691,85.125,0,1,3.61316752433777,660.78,455.63,0.430464865000636,-2.54439999999996
"47_6D_17","47_6D","47",692,85.25,0,1,4.30345630645752,657.68,464.35,9.25464207843829,113.286
"47_6D_17","47_6D","47",693,85.375,0,1,3.16227769851685,652.5,475.5,12.2945069034915,8.25010000000018
"47_6D_17","47_6D","47",694,85.5,0,1,3.61316752433777,652.78,476.37,0.913947482079792,-0.253199999999989
"47_6D_17","47_6D","47",695,85.625,0,1,3.9712381362915,652,476.33,0.781024967590639,-0.284199999999993
"47_6D_17","47_6D","47",696,85.75,0,1,3.61316752433777,652.37,476.22,0.386005181312368,0.0722999999999924
"47_6D_17","47_6D","47",697,85.875,0,1,3.60555124282837,652.5,476,0.255538646783634,-0.138600000000016
"47_6D_17","47_6D","47",698,86,0,1,3.57600021362305,652.28,476.5,0.546260011349918,-0.212400000000032
"47_6D_17","47_6D","47",699,86.125,0,1,3.86455106735229,652.45,476.15,0.389101529166927,0.0609999999999914
"47_6D_17","47_6D","47",700,86.25,0,1,3.60555124282837,652.5,476,0.158113883008383,-0.039499999999993
"47_6D_17","47_6D","47",701,86.375,0,1,3.61316752433777,652.37,476.22,0.255538646783634,0.0131999999999896
"47_6D_17","47_6D","47",702,86.5,0,1,4.30334234237671,652.15,476.15,0.230867927612345,0
"47_6D_17","47_6D","47",703,86.625,0,0,NA,652.15,476.15,0,0
"47_6D_17","47_6D","47",704,86.75,0,1,3.10949110984802,651.81,485,8.85652866534064,-0.176800000000049
"47_6D_17","47_6D","47",705,86.875,0,1,3.9712381362915,652.33,485,0.520000000000095,0
"47_6D_17","47_6D","47",706,87,0,0,NA,652.33,485,0,0
"47_6D_17","47_6D","47",707,87.125,0,0,NA,652.33,485,0,0
"47_6D_17","47_6D","47",708,87.25,0,1,3.61316752433777,653.37,492.22,7.29451848993478,0.270399999999981
"47_6D_17","47_6D","47",709,87.375,0,1,3.61316752433777,653.63,492.22,0.259999999999991,0
"47_6D_17","47_6D","47",710,87.5,0,0,NA,653.63,492.22,0,0
"47_6D_17","47_6D","47",711,87.625,0,0,NA,653.63,492.22,0,0
"47_6D_17","47_6D","47",712,87.75,0,1,3.30277562141418,653.5,492,0.255538646783634,-0.0498999999999979
"47_6D_17","47_6D","47",713,87.875,0,1,3.72725701332092,653.63,492.15,0.198494332412772,0.0355999999999966
"47_6D_17","47_6D","47",714,88,0,1,3.16227769851685,653.5,492.5,0.373363094051909,0
"47_6D_17","47_6D","47",715,88.125,0,0,NA,653.5,492.5,0,0
"47_6D_17","47_6D","47",716,88.25,0,1,3.16227769851685,653.5,492.5,0,0
"47_6D_17","47_6D","47",717,88.375,0,0,NA,653.5,492.5,0,0
"47_6D_17","47_6D","47",718,88.5,0,1,3.16227769851685,653.5,492.5,0,0
"47_6D_17","47_6D","47",719,88.625,0,1,3.61316752433777,653.37,492.22,0.308706980808636,0
"47_6D_17","47_6D","47",720,88.75,0,0,NA,653.37,492.22,0,0
"47_6D_17","47_6D","47",721,88.875,0,1,3.30277562141418,653.5,492,0.255538646783634,0
"47_6D_17","47_6D","47",722,89,0,1,3.30277562141418,653.5,492,0,0
"47_6D_17","47_6D","47",723,89.125,0,0,NA,653.5,492,0,0
"47_6D_17","47_6D","47",724,89.25,0,0,NA,653.5,492,0,0
"47_6D_17","47_6D","47",725,89.375,0,0,NA,653.5,492,0,0
"47_6D_17","47_6D","47",726,89.5,0,0,NA,653.5,492,0,0
"47_6D_17","47_6D","47",727,89.625,0,0,NA,653.5,492,0,0
"47_6D_17","47_6D","47",728,89.75,0,0,NA,653.5,492,0,0
"47_6D_17","47_6D","47",729,89.875,0,0,NA,653.5,492,0,0
"47_6D_17","47_6D","47",730,90,0,1,3.10949110984802,656.81,503,11.4872146319288,0
"47_6D_17","47_6D","47",731,90.125,0,0,NA,656.81,503,0,0
"47_6D_17","47_6D","47",732,90.25,0,0,NA,656.81,503,0,0
"47_6D_17","47_6D","47",733,90.375,0,0,NA,656.81,503,0,0
"47_6D_17","47_6D","47",734,90.5,0,0,NA,656.81,503,0,0
"47_6D_17","47_6D","47",735,90.625,0,1,3.61316752433777,656.63,503.22,0.284253408071027,0
"47_6D_17","47_6D","47",736,90.75,0,0,NA,656.63,503.22,0,0
"47_6D_17","47_6D","47",737,90.875,0,0,NA,656.63,503.22,0,0
"47_6D_17","47_6D","47",738,91,0,0,NA,656.63,503.22,0,0
"47_6D_17","47_6D","47",739,91.125,0,1,3.61316752433777,656.63,503.22,0,0
"47_6D_17","47_6D","47",740,91.25,0,0,NA,656.63,503.22,0,0
"47_6D_17","47_6D","47",741,91.375,0,0,NA,656.63,503.22,0,0
"47_6D_17","47_6D","47",742,91.5,0,0,NA,656.63,503.22,0,0
"47_6D_17","47_6D","47",743,91.625,0,0,NA,656.63,503.22,0,0
"47_6D_17","47_6D","47",744,91.75,0,0,NA,656.63,503.22,0,0
"47_6D_17","47_6D","47",745,91.875,0,0,NA,656.63,503.22,0,0
"47_6D_17","47_6D","47",746,92,0,0,NA,656.63,503.22,0,0
"47_6D_17","47_6D","47",747,92.125,0,0,NA,656.63,503.22,0,0
"47_6D_17","47_6D","47",748,92.25,0,0,NA,656.63,503.22,0,0
"47_6D_17","47_6D","47",749,92.375,0,0,NA,656.63,503.22,0,0
"47_6D_17","47_6D","47",750,92.5,0,0,NA,656.63,503.22,0,0
"47_6D_17","47_6D","47",751,92.625,0,0,NA,656.63,503.22,0,0
"47_6D_17","47_6D","47",752,92.75,0,0,NA,656.63,503.22,0,0
"47_6D_17","47_6D","47",753,92.875,0,0,NA,656.63,503.22,0,0
"47_6D_17","47_6D","47",754,93,0,0,NA,656.63,503.22,0,0
"47_6D_17","47_6D","47",755,93.125,0,0,NA,656.63,503.22,0,0
"47_6D_17","47_6D","47",756,93.25,0,0,NA,656.63,503.22,0,0
"47_6D_17","47_6D","47",757,93.375,0,0,NA,656.63,503.22,0,0
"47_6D_17","47_6D","47",758,93.5,0,1,3.30277562141418,666.5,512,13.2100454200582,-4.935
"47_6D_17","47_6D","47",759,93.625,0,1,4,666,512,0.5,0
"47_6D_17","47_6D","47",760,93.75,0,0,NA,666,512,0,0
"47_6D_17","47_6D","47",761,93.875,0,0,NA,666,512,0,0
"47_6D_17","47_6D","47",762,94,0,0,NA,666,512,0,0
"47_6D_17","47_6D","47",763,94.125,0,0,NA,666,512,0,0
"47_6D_17","47_6D","47",764,94.25,0,0,NA,666,512,0,0
"47_6D_17","47_6D","47",765,94.375,0,0,NA,666,512,0,0
"47_6D_17","47_6D","47",766,94.5,0,0,NA,666,512,0,0
"47_6D_17","47_6D","47",767,94.625,0,0,NA,666,512,0,0
"47_6D_17","47_6D","47",768,94.75,0,0,NA,666,512,0,0
"47_6D_17","47_6D","47",769,94.875,0,0,NA,666,512,0,0
"47_6D_17","47_6D","47",770,95,0,0,NA,666,512,0,0
"47_6D_17","47_6D","47",771,95.125,0,0,NA,666,512,0,0
"47_6D_17","47_6D","47",772,95.25,0,0,NA,666,512,0,0
"47_6D_17","47_6D","47",773,95.375,0,0,NA,666,512,0,0
"47_6D_17","47_6D","47",774,95.5,0,0,NA,666,512,0,0
"47_6D_17","47_6D","47",775,95.625,0,0,NA,666,512,0,0
"47_6D_17","47_6D","47",776,95.75,0,0,NA,666,512,0,0
"47_6D_17","47_6D","47",777,95.875,0,0,NA,666,512,0,0
"47_6D_17","47_6D","47",778,96,0,0,NA,666,512,0,0
"47_6D_17","47_6D","47",779,96.125,0,1,3.10949110984802,666,512,0,0
"47_6D_17","47_6D","47",780,96.25,0,0,NA,666,512,0,0
"47_6D_17","47_6D","47",781,96.375,0,0,NA,666,512,0,0
"47_6D_17","47_6D","47",782,96.5,0,0,NA,666,512,0,0
"47_6D_17","47_6D","47",783,96.625,0,1,3.10949110984802,666,512,0,0
"47_6D_17","47_6D","47",784,96.75,0,0,NA,666,512,0,0
"47_6D_17","47_6D","47",785,96.875,0,0,NA,666,512,0,0
"47_6D_17","47_6D","47",786,97,0,1,3.61316752433777,696.37,529.22,34.912251431267,0
"47_6D_17","47_6D","47",787,97.125,0,0,NA,696.37,529.22,0,0
"47_6D_17","47_6D","47",788,97.25,0,1,3.61316752433777,696.78,529.63,0.579827560572924,-0.168099999999974
"47_6D_17","47_6D","47",789,97.375,0,1,3.50364899635315,696.63,529.37,0.300166620396053,-0.0900999999999885
"47_6D_17","47_6D","47",790,97.5,0,1,3.61316752433777,696.78,529.63,0.300166620396053,-0.0900999999999885
"47_6D_17","47_6D","47",791,97.625,0,1,3.50364899635315,696.63,529.37,0.300166620396053,-0.0900999999999885
"47_6D_17","47_6D","47",792,97.75,0,1,3.61316752433777,696.78,529.63,0.300166620396053,0
"47_6D_17","47_6D","47",793,97.875,0,1,3.61316752433777,696.78,529.63,0,0
"47_6D_17","47_6D","47",794,98,0,1,3.84965634346008,697.21,529.7,0.43566041821591,0
"47_6D_17","47_6D","47",795,98.125,0,1,3.84965634346008,697.21,529.7,0,0
"47_6D_17","47_6D","47",796,98.25,0,1,3.60555124282837,697,529.5,0.290000000000058,0.0202000000000087
"47_6D_17","47_6D","47",797,98.375,0,1,3.61316752433777,696.78,529.63,0.255538646783634,0
"47_6D_17","47_6D","47",798,98.5,0,1,3.61316752433777,696.78,529.63,0,0
"47_6D_17","47_6D","47",799,98.625,0,1,3.10949110984802,697,529.81,0.284253408071027,0
"47_6D_17","47_6D","47",800,98.75,0,1,3.10949110984802,697,529.81,0,0
"47_6D_17","47_6D","47",801,98.875,0,1,3.61316752433777,696.78,529.63,0.284253408071027,0
"47_6D_17","47_6D","47",802,99,0,1,3.61316752433777,696.78,529.63,0,0
"47_6D_17","47_6D","47",803,99.125,0,1,3.61316752433777,696.78,529.63,0,0
"47_6D_17","47_6D","47",804,99.25,0,1,3.61316752433777,696.78,529.63,0,0
"47_6D_17","47_6D","47",805,99.375,0,1,3.61316752433777,696.78,529.63,0,0
"47_6D_17","47_6D","47",806,99.5,0,1,3.61316752433777,696.78,529.63,0,0
"47_6D_17","47_6D","47",807,99.625,0,1,3.61316752433777,696.78,529.63,0,0
"47_6D_17","47_6D","47",808,99.75,0,1,3.61316752433777,696.78,529.63,0,0
"47_6D_17","47_6D","47",809,99.875,0,0,NA,696.78,529.63,0,0
"47_6D_17","47_6D","47",810,100,0,0,NA,696.78,529.63,0,0
"47_6D_17","47_6D","47",811,100.125,0,0,NA,696.78,529.63,0,0
"47_6D_17","47_6D","47",812,100.25,0,0,NA,696.78,529.63,0,0
"47_6D_17","47_6D","47",813,100.375,0,0,NA,696.78,529.63,0,0
"47_6D_17","47_6D","47",814,100.5,0,0,NA,696.78,529.63,0,0
"47_6D_17","47_6D","47",815,100.625,0,0,NA,696.78,529.63,0,0
"47_6D_17","47_6D","47",816,100.75,0,0,NA,696.78,529.63,0,0
"47_6D_17","47_6D","47",817,100.875,0,0,NA,696.78,529.63,0,0
"47_6D_17","47_6D","47",818,101,0,0,NA,696.78,529.63,0,0
"47_6D_17","47_6D","47",819,101.125,0,1,3.10949110984802,724.19,518,29.7752413928083,0
"47_6D_17","47_6D","47",820,101.25,0,0,NA,724.19,518,0,0
"47_6D_17","47_6D","47",821,101.375,0,0,NA,724.19,518,0,0
"47_6D_17","47_6D","47",822,101.5,0,0,NA,724.19,518,0,0
"47_6D_17","47_6D","47",823,101.625,0,1,3.61316752433777,724.37,518.22,0.284253408071027,0
"47_6D_17","47_6D","47",824,101.75,0,0,NA,724.37,518.22,0,0
"47_6D_17","47_6D","47",825,101.875,0,0,NA,724.37,518.22,0,0
"47_6D_17","47_6D","47",826,102,0,0,NA,724.37,518.22,0,0
"47_6D_17","47_6D","47",827,102.125,0,0,NA,724.37,518.22,0,0
"47_6D_17","47_6D","47",828,102.25,0,0,NA,724.37,518.22,0,0
"47_6D_17","47_6D","47",829,102.375,0,0,NA,724.37,518.22,0,0
"47_6D_17","47_6D","47",830,102.5,0,1,3.63458633422852,724.19,518.81,0.616846820531553,0
"47_6D_17","47_6D","47",831,102.625,0,0,NA,724.19,518.81,0,0
"47_6D_17","47_6D","47",832,102.75,0,1,3.63458633422852,724.19,518.81,0,0
"47_6D_17","47_6D","47",833,102.875,0,1,3.57600021362305,724.28,518.5,0.322800247831304,0.0197999999999844
"47_6D_17","47_6D","47",834,103,0,1,3.16227769851685,724.5,518.5,0.220000000000027,0
"47_6D_17","47_6D","47",835,103.125,0,1,3.16227769851685,724.5,518.5,0,0
"47_6D_17","47_6D","47",836,103.25,0,1,3.16227769851685,724.5,518.5,0,0
"47_6D_17","47_6D","47",837,103.375,0,0,NA,724.5,518.5,0,0
"47_6D_17","47_6D","47",838,103.5,0,1,3.16227769851685,724.5,518.5,0,0
"47_6D_17","47_6D","47",839,103.625,0,1,3.10949110984802,726.81,513,5.96540861970073,43.1903999999998
"47_6D_17","47_6D","47",840,103.75,0,1,3.86455106735229,730.15,506.55,7.26347712875865,64.6665000000001
"47_6D_17","47_6D","47",841,103.875,0,1,4.4721360206604,733,498,9.0124913314799,0
"47_6D_17","47_6D","47",842,104,0,0,NA,733,498,0,0
"47_6D_17","47_6D","47",843,104.125,0,1,4.18675136566162,733.27,478.33,19.6718529884706,88.2454000000003
"47_6D_17","47_6D","47",844,104.25,0,1,4.34192895889282,733,473.84,4.49811071451116,0
"47_6D_17","47_6D","47",845,104.375,0,0,NA,733,473.84,0,0
"47_6D_17","47_6D","47",846,104.5,0,1,3.72725701332092,734.37,465.15,8.79732914014248,0
"47_6D_17","47_6D","47",847,104.625,0,0,NA,734.37,465.15,0,0
"47_6D_17","47_6D","47",848,104.75,0,1,3.61316752433777,733.63,464.22,1.18848643240044,0
"47_6D_17","47_6D","47",849,104.875,0,0,NA,733.63,464.22,0,0
"47_6D_17","47_6D","47",850,105,0,0,NA,733.63,464.22,0,0
"47_6D_17","47_6D","47",851,105.125,0,0,NA,733.63,464.22,0,0
"47_6D_17","47_6D","47",852,105.25,0,0,NA,733.63,464.22,0,0
"47_6D_17","47_6D","47",853,105.375,0,0,NA,733.63,464.22,0,0
"47_6D_17","47_6D","47",854,105.5,0,0,NA,733.63,464.22,0,0
"47_6D_17","47_6D","47",855,105.625,0,0,NA,733.63,464.22,0,0
"47_6D_17","47_6D","47",856,105.75,0,0,NA,733.63,464.22,0,0
"47_6D_17","47_6D","47",857,105.875,0,0,NA,733.63,464.22,0,0
"47_6D_17","47_6D","47",858,106,0,0,NA,733.63,464.22,0,0
"47_6D_17","47_6D","47",859,106.125,0,1,3.10949110984802,734,464.19,0.371214223865419,0.0760000000000266
"47_6D_17","47_6D","47",860,106.25,0,1,3.10949110984802,734.19,464,0.268700576850925,-0.0722000000000199
"47_6D_17","47_6D","47",861,106.375,0,1,3.10949110984802,734,464.19,0.268700576850925,-0.338200000000079
"47_6D_17","47_6D","47",862,106.5,0,1,3.61316752433777,735.37,463.78,1.43003496460752,0.273960485839828
"47_6D_17","47_6D","47",863,106.625,0,2,4.00222158432007,735.559997558594,463.746673583984,0.192898217399821,-0.0198418511822748
"47_6D_17","47_6D","47",864,106.75,0,1,3.30277562141418,735.5,464,0.260334362097154,-0.0479321289062572
"47_6D_17","47_6D","47",865,106.875,0,1,3.61316752433777,735.37,463.78,0.255538646783634,0
"47_6D_17","47_6D","47",866,107,0,1,3.61316752433777,735.37,463.78,0,0
"47_6D_17","47_6D","47",867,107.125,0,1,3.72725701332092,735.63,463.85,0.269258240356729,-0.0725000000000023
"47_6D_17","47_6D","47",868,107.25,0,1,3.61316752433777,735.37,463.78,0.269258240356729,0
"47_6D_17","47_6D","47",869,107.375,0,0,NA,735.37,463.78,0,0
"47_6D_17","47_6D","47",870,107.5,0,1,3.30277562141418,735.5,464,0.255538646783634,0.0220999999999939
"47_6D_17","47_6D","47",871,107.625,0,1,3.9712381362915,735.67,464,0.169999999999959,-0.0288999999999861
"47_6D_17","47_6D","47",872,107.75,0,1,3.60555124282837,735.5,464,0.169999999999959,-0.0101999999999883
"47_6D_17","47_6D","47",873,107.875,0,1,4.00222158432007,735.56,463.75,0.257099202643636,-0.55999999999996
"47_6D_17","47_6D","47",874,108,0,1,3.63458633422852,734.81,465.81,2.19228191617775,3.99389999999996
"47_6D_17","47_6D","47",875,108.125,0,1,3.60555124282837,735.5,468,2.29612717417831,7.57950000000004
"47_6D_17","47_6D","47",876,108.25,0,1,5.15142869949341,736.36,471.19,3.30389164471234,0
"47_6D_17","47_6D","47",877,108.375,0,0,NA,736.36,471.19,0,0
"47_6D_17","47_6D","47",878,108.5,0,0,NA,736.36,471.19,0,0
"47_6D_17","47_6D","47",879,108.625,0,0,NA,736.36,471.19,0,0
"47_6D_17","47_6D","47",880,108.75,0,0,NA,736.36,471.19,0,0
"47_6D_17","47_6D","47",881,108.875,0,0,NA,736.36,471.19,0,0
"47_6D_17","47_6D","47",882,109,0,0,NA,736.36,471.19,0,0
"47_6D_17","47_6D","47",883,109.125,0,0,NA,736.36,471.19,0,0
"47_6D_17","47_6D","47",884,109.25,0,0,NA,736.36,471.19,0,0
"47_6D_17","47_6D","47",885,109.375,0,0,NA,736.36,471.19,0,0
"47_6D_17","47_6D","47",886,109.5,0,0,NA,736.36,471.19,0,0
"47_6D_17","47_6D","47",887,109.625,0,0,NA,736.36,471.19,0,0
"47_6D_17","47_6D","47",888,109.75,0,0,NA,736.36,471.19,0,0
"47_6D_17","47_6D","47",889,109.875,0,1,3.60555124282837,736.36,471.19,0,0
"47_6D_17","47_6D","47",890,110,0,0,NA,736.36,471.19,0,0
"47_6D_17","47_6D","47",891,110.125,0,0,NA,736.36,471.19,0,0
"47_6D_17","47_6D","47",892,110.25,0,0,NA,736.36,471.19,0,0
"47_6D_17","47_6D","47",893,110.375,0,0,NA,736.36,471.19,0,0
"47_6D_17","47_6D","47",894,110.5,0,1,3.60555124282837,735,511.5,40.3329356729708,0
"47_6D_17","47_6D","47",895,110.625,0,0,NA,735,511.5,0,0
"47_6D_17","47_6D","47",896,110.75,0,0,NA,735,511.5,0,0
"47_6D_17","47_6D","47",897,110.875,0,0,NA,735,511.5,0,0
"47_6D_17","47_6D","47",898,111,0,0,NA,735,511.5,0,0
"47_6D_17","47_6D","47",899,111.125,0,0,NA,735,511.5,0,0
"47_6D_17","47_6D","47",900,111.25,0,0,NA,735,511.5,0,0
"47_6D_17","47_6D","47",901,111.375,0,0,NA,735,511.5,0,0
"47_6D_17","47_6D","47",902,111.5,0,0,NA,735,511.5,0,0
"47_6D_17","47_6D","47",903,111.625,0,0,NA,735,511.5,0,0
"47_6D_17","47_6D","47",904,111.75,0,0,NA,735,511.5,0,0
"47_6D_17","47_6D","47",905,111.875,0,0,NA,735,511.5,0,0
"47_6D_17","47_6D","47",906,112,0,0,NA,735,511.5,0,0
"47_6D_17","47_6D","47",907,112.125,0,0,NA,735,511.5,0,0
"47_6D_17","47_6D","47",908,112.25,0,0,NA,735,511.5,0,0
"47_6D_17","47_6D","47",909,112.375,0,0,NA,735,511.5,0,0
"47_6D_17","47_6D","47",910,112.5,0,0,NA,735,511.5,0,0
"47_6D_17","47_6D","47",911,112.625,0,0,NA,735,511.5,0,0
"47_6D_17","47_6D","47",912,112.75,0,0,NA,735,511.5,0,0
"47_6D_17","47_6D","47",913,112.875,0,0,NA,735,511.5,0,0
"47_6D_17","47_6D","47",914,113,0,0,NA,735,511.5,0,0
"47_6D_17","47_6D","47",915,113.125,0,0,NA,735,511.5,0,0
"47_6D_17","47_6D","47",916,113.25,0,0,NA,735,511.5,0,0
"47_6D_17","47_6D","47",917,113.375,0,0,NA,735,511.5,0,0
"47_6D_17","47_6D","47",918,113.5,0,0,NA,735,511.5,0,0
"47_6D_17","47_6D","47",919,113.625,0,0,NA,735,511.5,0,0
"47_6D_17","47_6D","47",920,113.75,0,0,NA,735,511.5,0,0
"47_6D_17","47_6D","47",921,113.875,0,0,NA,735,511.5,0,0
"47_6D_17","47_6D","47",922,114,0,0,NA,735,511.5,0,0
"47_6D_17","47_6D","47",923,114.125,0,0,NA,735,511.5,0,0
"47_6D_17","47_6D","47",924,114.25,0,0,NA,735,511.5,0,0
"47_6D_17","47_6D","47",925,114.375,0,0,NA,735,511.5,0,0
"47_6D_17","47_6D","47",926,114.5,0,0,NA,735,511.5,0,0
"47_6D_17","47_6D","47",927,114.625,0,0,NA,735,511.5,0,0
"47_6D_17","47_6D","47",928,114.75,0,0,NA,735,511.5,0,0
"47_6D_17","47_6D","47",929,114.875,0,0,NA,735,511.5,0,0
"47_6D_17","47_6D","47",930,115,0,0,NA,735,511.5,0,0
"47_6D_17","47_6D","47",931,115.125,0,0,NA,735,511.5,0,0
"47_6D_17","47_6D","47",932,115.25,0,0,NA,735,511.5,0,0
"47_6D_17","47_6D","47",933,115.375,0,0,NA,735,511.5,0,0
"47_6D_17","47_6D","47",934,115.5,0,0,NA,735,511.5,0,0
"47_6D_17","47_6D","47",935,115.625,0,0,NA,735,511.5,0,0
"47_6D_17","47_6D","47",936,115.75,0,0,NA,735,511.5,0,0
"47_6D_17","47_6D","47",937,115.875,0,0,NA,735,511.5,0,0
"47_6D_17","47_6D","47",938,116,0,0,NA,735,511.5,0,0
"47_6D_17","47_6D","47",939,116.125,0,0,NA,735,511.5,0,0
"47_6D_17","47_6D","47",940,116.25,0,0,NA,735,511.5,0,0
"47_6D_17","47_6D","47",941,116.375,0,0,NA,735,511.5,0,0
"47_6D_17","47_6D","47",942,116.5,0,0,NA,735,511.5,0,0
"47_6D_17","47_6D","47",943,116.625,0,0,NA,735,511.5,0,0
"47_6D_17","47_6D","47",944,116.75,0,0,NA,735,511.5,0,0
"47_6D_17","47_6D","47",945,116.875,0,0,NA,735,511.5,0,0
"47_6D_17","47_6D","47",946,117,0,0,NA,735,511.5,0,0
"47_6D_17","47_6D","47",947,117.125,0,0,NA,735,511.5,0,0
"47_6D_17","47_6D","47",948,117.25,0,0,NA,735,511.5,0,0
"47_6D_17","47_6D","47",949,117.375,0,0,NA,735,511.5,0,0
"47_6D_17","47_6D","47",950,117.5,0,0,NA,735,511.5,0,0
"47_6D_17","47_6D","47",951,117.625,0,0,NA,735,511.5,0,0
"47_6D_17","47_6D","47",952,117.75,0,0,NA,735,511.5,0,0
"47_6D_17","47_6D","47",953,117.875,0,0,NA,735,511.5,0,0
"47_6D_17","47_6D","47",954,118,0,0,NA,735,511.5,0,0
"47_6D_17","47_6D","47",955,118.125,0,0,NA,735,511.5,0,0
"47_6D_17","47_6D","47",956,118.25,0,0,NA,735,511.5,0,0
"47_6D_17","47_6D","47",957,118.375,0,0,NA,735,511.5,0,0
"47_6D_17","47_6D","47",958,118.5,0,0,NA,735,511.5,0,0
"47_6D_17","47_6D","47",959,118.625,0,0,NA,735,511.5,0,0
"47_6D_17","47_6D","47",960,118.75,0,0,NA,735,511.5,0,0
"47_6D_17","47_6D","47",961,118.875,0,0,NA,735,511.5,0,0
"47_6D_17","47_6D","47",962,119,0,0,NA,735,511.5,0,0
"47_6D_17","47_6D","47",963,119.125,0,0,NA,735,511.5,0,0
"47_6D_17","47_6D","47",964,119.25,0,0,NA,735,511.5,0,0
"47_6D_17","47_6D","47",965,119.375,0,0,NA,735,511.5,0,0
"47_6D_17","47_6D","47",966,119.5,0,0,NA,735,511.5,0,0
"47_6D_17","47_6D","47",967,119.625,0,0,NA,735,511.5,0,0
"47_6D_17","47_6D","47",968,119.75,0,0,NA,735,511.5,0,0
"47_6D_17","47_6D","47",969,119.875,0,0,NA,735,511.5,0,0
"47_6D_17","47_6D","47",970,120,0,0,NA,735,511.5,0,0
"47_6D_17","47_6D","47",971,120.125,0,0,NA,735,511.5,0,0
"47_6D_17","47_6D","47",972,120.25,0,0,NA,735,511.5,0,0
"47_6D_17","47_6D","47",973,120.375,0,0,NA,735,511.5,0,0
"47_6D_17","47_6D","47",974,120.5,0,0,NA,735,511.5,0,0
"47_6D_17","47_6D","47",975,120.625,0,0,NA,735,511.5,0,0
"47_6D_17","47_6D","47",976,120.75,0,0,NA,735,511.5,0,0
"47_6D_17","47_6D","47",977,120.875,0,0,NA,735,511.5,0,0
"47_6D_17","47_6D","47",978,121,0,0,NA,735,511.5,0,0
"47_6D_17","47_6D","47",979,121.125,0,0,NA,735,511.5,0,0
"47_6D_17","47_6D","47",980,121.25,0,0,NA,735,511.5,0,0
"47_6D_17","47_6D","47",981,121.375,0,0,NA,735,511.5,0,0
"47_6D_17","47_6D","47",982,121.5,0,0,NA,735,511.5,0,0
"47_6D_17","47_6D","47",983,121.625,0,0,NA,735,511.5,0,0
"47_6D_17","47_6D","47",984,121.75,0,0,NA,735,511.5,0,0
"47_6D_17","47_6D","47",985,121.875,0,0,NA,735,511.5,0,0
"47_6D_17","47_6D","47",986,122,0,0,NA,735,511.5,0,0
"47_6D_17","47_6D","47",987,122.125,0,0,NA,735,511.5,0,0
"47_6D_17","47_6D","47",988,122.25,0,0,NA,735,511.5,0,0
"47_6D_17","47_6D","47",989,122.375,0,0,NA,735,511.5,0,0
"47_6D_17","47_6D","47",990,122.5,0,0,NA,735,511.5,0,0
"47_6D_17","47_6D","47",991,122.625,0,0,NA,735,511.5,0,NA
