,frame,x,y,blobs,blob_size,sec,distance,dot_product
0,0,772.5,480.5,0,,-1.375,,
1,1.0,772.5,480.5,0,,-1.25,0.0,
2,2.0,772.5,480.5,0,,-1.125,0.0,0.0
3,3.0,772.5,480.5,0,,-1.0,0.0,0.0
4,4.0,772.5,480.5,0,,-0.875,0.0,0.0
5,5.0,772.5,480.5,0,,-0.75,0.0,0.0
6,6.0,772.5,480.5,0,,-0.625,0.0,0.0
7,7.0,772.5,480.5,0,,-0.5,0.0,0.0
8,8.0,772.5,480.5,0,,-0.375,0.0,0.0
9,9.0,772.5,480.5,0,,-0.25,0.0,0.0
10,10.0,772.5,480.5,0,,-0.125,0.0,0.0
11,11.0,772.5,480.5,0,,0.0,0.0,0.0
12,12.0,772.5,480.5,0,,0.125,0.0,0.0
13,13.0,772.5,480.5,0,,0.25,0.0,0.0
14,14.0,772.5,480.5,0,,0.375,0.0,0.0
15,15.0,772.5,480.5,0,,0.5,0.0,0.0
16,16.0,772.5,480.5,0,,0.625,0.0,0.0
17,17.0,772.5,480.5,0,,0.75,0.0,0.0
18,18.0,772.5,480.5,0,,0.875,0.0,0.0
19,19.0,772.5,480.5,0,,1.0,0.0,0.0
20,20.0,772.5,480.5,0,,1.125,0.0,0.0
21,21.0,772.5,480.5,0,,1.25,0.0,0.0
22,22.0,772.5,480.5,0,,1.375,0.0,0.0
23,23.0,772.5,480.5,0,,1.5,0.0,0.0
24,24.0,772.5,480.5,1.0,3.1622776985168457,1.625,0.0,0.0
25,25.0,772.5,480.5,0,,1.75,0.0,0.0
26,26.0,772.5,480.5,0,,1.875,0.0,0.0
27,27.0,772.5,480.5,0,,2.0,0.0,0.0
28,28.0,772.5,480.5,0,,2.125,0.0,0.0
29,29.0,772.5,480.5,0,,2.25,0.0,0.0
30,30.0,772.5,480.5,0,,2.375,0.0,0.0
31,31.0,772.5,480.5,0,,2.5,0.0,0.0
32,32.0,772.5,480.5,0,,2.625,0.0,0.0
33,33.0,772.5,480.5,0,,2.75,0.0,0.0
34,34.0,772.5,480.5,0,,2.875,0.0,0.0
35,35.0,772.5,480.5,0,,3.0,0.0,0.0
36,36.0,772.5,480.5,0,,3.125,0.0,0.0
37,37.0,772.5,480.5,0,,3.25,0.0,0.0
38,38.0,772.5,480.5,0,,3.375,0.0,0.0
39,39.0,772.5,480.5,0,,3.5,0.0,0.0
40,40.0,772.5,480.5,0,,3.625,0.0,0.0
41,41.0,772.5,480.5,0,,3.75,0.0,0.0
42,42.0,772.5,480.5,0,,3.875,0.0,0.0
43,43.0,772.5,480.5,0,,4.0,0.0,0.0
44,44.0,772.5,480.5,0,,4.125,0.0,0.0
45,45.0,772.5,480.5,0,,4.25,0.0,0.0
46,46.0,772.5,480.5,0,,4.375,0.0,0.0
47,47.0,772.5,480.5,0,,4.5,0.0,0.0
48,48.0,772.5,480.5,0,,4.625,0.0,0.0
49,49.0,772.5,480.5,0,,4.75,0.0,0.0
50,50.0,772.5,480.5,0,,4.875,0.0,0.0
51,51.0,772.5,480.5,0,,5.0,0.0,0.0
52,52.0,772.5,480.5,0,,5.125,0.0,0.0
53,53.0,772.5,480.5,0,,5.25,0.0,0.0
54,54.0,770.0,459.0,1.0,3.6502814292907715,5.375,21.644860821913362,0.0
55,55.0,770.0,459.0,0,,5.5,0.0,0.0
56,56.0,770.0,459.0,0,,5.625,0.0,0.0
57,57.0,770.0,459.0,0,,5.75,0.0,0.0
58,58.0,770.0,459.0,0,,5.875,0.0,0.0
59,59.0,770.0,459.0,0,,6.0,0.0,0.0
60,60.0,770.0,459.0,0,,6.125,0.0,0.0
61,61.0,770.0,459.0,0,,6.25,0.0,0.0
62,62.0,770.0,459.0,0,,6.375,0.0,0.0
63,63.0,770.0,459.0,0,,6.5,0.0,0.0
64,64.0,681.63,515.78,1.0,3.6131675243377686,6.625,105.03916079253489,0.0
65,65.0,683.85,517.15,1.0,4.303342342376709,6.75,2.6086969927533046,-118.3928000000022
66,66.0,684.19,517.0,1.0,3.1094911098480225,6.875,0.37161808352126086,0.5493000000001105
67,67.0,684.19,517.0,0,,7.0,0.0,0.0
68,68.0,687.5,519.0,1.0,3.3027756214141846,7.125,3.8673117278026137,-0.0
69,69.0,687.63,518.78,1.0,3.6131675243377686,7.25,0.2555386467836339,-0.009700000000076703
70,70.0,687.63,518.78,0,,7.375,0.0,0.0
71,71.0,687.63,518.78,0,,7.5,0.0,0.0
72,72.0,687.63,518.78,0,,7.625,0.0,0.0
73,73.0,687.63,518.78,0,,7.75,0.0,0.0
74,74.0,687.63,518.78,0,,7.875,0.0,0.0
75,75.0,687.63,518.78,0,,8.0,0.0,0.0
76,76.0,687.63,518.78,0,,8.125,0.0,0.0
77,77.0,687.63,518.78,0,,8.25,0.0,0.0
78,78.0,687.63,518.78,0,,8.375,0.0,0.0
79,79.0,687.63,518.78,0,,8.5,0.0,0.0
80,80.0,687.63,518.78,0,,8.625,0.0,0.0
81,81.0,687.63,518.78,0,,8.75,0.0,0.0
82,82.0,709.0,473.5,1.0,3.605551242828369,8.875,50.069504690979294,0.0
83,83.0,709.0,473.5,0,,9.0,0.0,0.0
84,84.0,709.0,473.5,0,,9.125,0.0,0.0
85,85.0,709.0,473.5,0,,9.25,0.0,0.0
86,86.0,709.0,473.5,0,,9.375,0.0,0.0
87,87.0,709.0,473.5,0,,9.5,0.0,0.0
88,88.0,709.0,473.5,0,,9.625,0.0,0.0
89,89.0,709.0,473.5,0,,9.75,0.0,0.0
90,90.0,709.0,473.5,0,,9.875,0.0,0.0
91,91.0,709.0,473.5,0,,10.0,0.0,0.0
92,92.0,709.0,473.5,0,,10.125,0.0,0.0
93,93.0,709.0,473.5,0,,10.25,0.0,0.0
94,94.0,709.0,473.5,0,,10.375,0.0,0.0
95,95.0,709.0,473.5,0,,10.5,0.0,0.0
96,96.0,709.0,473.5,0,,10.625,0.0,0.0
97,97.0,709.0,473.5,0,,10.75,0.0,0.0
98,98.0,709.0,473.5,0,,10.875,0.0,0.0
99,99.0,709.0,473.5,0,,11.0,0.0,0.0
100,100.0,709.0,473.5,0,,11.125,0.0,0.0
101,101.0,709.0,473.5,0,,11.25,0.0,0.0
102,102.0,709.0,473.5,0,,11.375,0.0,0.0
103,103.0,709.0,473.5,0,,11.5,0.0,0.0
104,104.0,709.0,473.5,0,,11.625,0.0,0.0
105,105.0,709.0,473.5,0,,11.75,0.0,0.0
106,106.0,709.0,473.5,0,,11.875,0.0,0.0
107,107.0,709.0,473.5,0,,12.0,0.0,0.0
108,108.0,709.0,473.5,0,,12.125,0.0,0.0
109,109.0,709.0,473.5,0,,12.25,0.0,0.0
110,110.0,709.0,473.5,0,,12.375,0.0,0.0
111,111.0,709.0,473.5,0,,12.5,0.0,0.0
112,112.0,709.0,473.5,0,,12.625,0.0,0.0
113,113.0,709.0,473.5,0,,12.75,0.0,0.0
114,114.0,709.0,473.5,0,,12.875,0.0,0.0
115,115.0,709.0,473.5,0,,13.0,0.0,0.0
116,116.0,709.0,473.5,0,,13.125,0.0,0.0
117,117.0,709.0,473.5,0,,13.25,0.0,0.0
118,118.0,709.0,473.5,0,,13.375,0.0,0.0
119,119.0,709.0,473.5,0,,13.5,0.0,0.0
120,120.0,709.0,473.5,0,,13.625,0.0,0.0
121,121.0,709.0,473.5,0,,13.75,0.0,0.0
122,122.0,709.0,473.5,0,,13.875,0.0,0.0
123,123.0,709.0,473.5,0,,14.0,0.0,0.0
124,124.0,709.0,473.5,0,,14.125,0.0,0.0
125,125.0,709.0,473.5,0,,14.25,0.0,0.0
126,126.0,709.0,473.5,0,,14.375,0.0,0.0
127,127.0,709.0,473.5,0,,14.5,0.0,0.0
128,128.0,709.0,473.5,0,,14.625,0.0,0.0
129,129.0,709.0,473.5,0,,14.75,0.0,0.0
130,130.0,709.0,473.5,0,,14.875,0.0,0.0
131,131.0,709.0,473.5,0,,15.0,0.0,0.0
132,132.0,709.0,473.5,0,,15.125,0.0,0.0
133,133.0,709.0,473.5,0,,15.25,0.0,0.0
134,134.0,709.0,473.5,0,,15.375,0.0,0.0
135,135.0,709.0,473.5,0,,15.5,0.0,0.0
136,136.0,691.6666870117188,520.7333374023438,2.0,4.186751365661621,15.625,50.31333721105533,0.0
137,137.0,696.1466674804688,521.8533325195312,2.0,4.303342342376709,15.75,4.617858168340092,-24.751796387135983
138,138.0,699.69,522.42,1.0,4.416510105133057,15.875,3.5883585909700857,16.50872529298087
139,139.0,700.81,522.81,1.0,3.6345863342285156,16.0,1.1859595271339343,4.189532739257463
140,140.0,701.93,523.1,1.0,4.403299808502197,16.125,1.156935607542639,1.3674999999999091
141,141.0,702.0,523.0,1.0,3.4142136573791504,16.25,0.12206555615738433,0.04940000000004202
142,142.0,702.46,523.11,1.0,4.595170497894287,16.375,0.4729693436154572,0.021200000000021688
143,143.0,702.0,523.19,1.0,3.1094911098480225,16.5,0.4669047011971929,-0.20280000000002787
144,144.0,701.72,523.41,1.0,3.7962162494659424,16.625,0.35608987629522226,0.14639999999999972
145,145.0,701.68,522.65,1.0,4.3034563064575195,16.75,0.7610519036176129,-0.1559999999999118
146,146.0,702.0,523.33,1.0,3.971238136291504,16.875,0.7515317691223163,-0.529600000000069
147,147.0,702.19,523.19,1.0,3.6345863342285156,17.0,0.23600847442415476,-0.03439999999997267
148,148.0,701.67,523.0,1.0,3.971238136291504,17.125,0.5536244214267648,-0.07220000000004147
149,149.0,701.85,523.15,1.0,4.303342342376709,17.25,0.234307490277234,-0.12210000000005417
150,150.0,702.16,523.0,1.0,4.341928958892822,17.375,0.34438350715439225,0.03330000000001673
151,151.0,702.0,523.33,1.0,3.971238136291504,17.5,0.3667424164178679,-0.09909999999998004
152,152.0,701.69,523.14,1.0,4.315976142883301,17.625,0.36359317925393886,-0.013100000000044389
153,153.0,701.81,523.19,1.0,3.6345863342285156,17.75,0.12999999999992548,-0.04669999999997531
154,154.0,701.67,523.27,1.0,4.186751365661621,17.875,0.16124515496592304,-0.012799999999981264
155,155.0,701.85,523.15,1.0,4.303342342376709,18.0,0.21633307652789485,-0.03479999999999809
156,156.0,701.85,523.15,0,,18.125,0.0,0.0
157,157.0,702.07,522.9,1.0,4.403299808502197,18.25,0.33301651610695227,0.0
158,158.0,702.0,523.15,1.0,4.011234283447266,18.375,0.2596150997149569,-0.07790000000001292
159,159.0,702.16,523.0,1.0,4.341928958892822,18.5,0.21931712199457432,-0.04870000000000009
160,160.0,702.16,523.0,0,,18.625,0.0,0.0
161,161.0,701.81,522.81,1.0,3.6345863342285156,18.75,0.39824615503484356,0.0
162,162.0,702.0,523.19,1.0,3.1094911098480225,18.875,0.42485291572508205,-0.13870000000006488
163,163.0,702.45,522.86,1.0,3.836535930633545,19.0,0.5580322571322092,-0.03990000000001838
164,164.0,701.5,522.72,1.0,3.576000213623047,19.125,0.960260381355017,-0.3813000000000624
165,165.0,702.0,523.33,1.0,3.971238136291504,19.25,0.7887331614684504,-0.5604000000000163
166,166.0,702.19,523.19,1.0,3.6345863342285156,19.375,0.23600847442415476,0.009600000000033693
167,167.0,702.19,523.19,0,,19.5,0.0,0.0
168,168.0,702.25,522.44,1.0,4.002221584320068,19.625,0.7523961722390629,0.0
169,169.0,702.22,523.37,1.0,3.6131675243377686,19.75,0.9304837451561985,-0.6992999999999592
170,170.0,702.16,522.67,1.0,4.532201290130615,19.875,0.7025667228100622,-0.6492000000000071
171,171.0,701.74,522.9,1.0,4.332986354827881,20.0,0.47885279575248796,-0.1358000000000008
172,172.0,702.15,522.85,1.0,4.303342342376709,20.125,0.41303752856123055,-0.1836999999999603
173,173.0,702.0,523.0,1.0,4.0,20.25,0.2121320343559321,-0.06899999999997795
174,174.0,702.0,523.0,0,,20.375,0.0,0.0
175,175.0,702.0,523.0,0,,20.5,0.0,0.0
176,176.0,708.19,523.19,1.0,3.6345863342285156,20.625,6.192915307026303,-0.0
177,177.0,710.3,522.21,1.0,3.849656343460083,20.75,2.3264780248262853,12.87469999999944
178,178.0,710.3,522.21,0,,20.875,0.0,0.0
179,179.0,710.67,522.0,1.0,3.971238136291504,21.0,0.42544094772367486,0.0
180,180.0,710.89,521.34,1.0,4.692133903503418,21.125,0.6957010852370219,0.22000000000002842
181,181.0,711.32,521.53,1.0,4.975659370422363,21.25,0.47010637094176067,-0.030799999999929203
182,182.0,713.0,521.5,1.0,3.605551242828369,21.375,1.680267835792803,0.7167000000000924
183,183.0,712.5,521.5,1.0,4.242640495300293,21.5,0.5,-0.839999999999975
184,184.0,712.5,521.5,0,,21.625,0.0,0.0
185,185.0,712.0,521.5,1.0,3.3027756214141846,21.75,0.5,0.0
186,186.0,712.14,521.55,1.0,3.836535930633545,21.875,0.14866068747315692,-0.06999999999999318
187,187.0,712.72,521.59,1.0,3.7962162494659424,22.0,0.5813776741499915,0.08319999999999986
188,188.0,712.3086547851562,521.1358032226562,2.0,4.315976142883301,22.125,0.612780220245685,-0.25674809570319407
189,189.0,707.2,516.8,1.0,5.016746520996094,22.25,6.700562909151447,4.070728551090044
190,190.0,705.03,514.68,1.0,4.8446149826049805,22.375,3.0336941177383614,20.2776837158207
191,191.0,703.97,513.32,1.0,4.8446149826049805,22.5,1.724296958183135,5.183399999999752
192,192.0,702.8833618164062,511.95001220703125,2.0,5.0737762451171875,22.625,1.7486134778525262,3.0150198730467754
193,193.0,702.91,512.16,1.0,5.301436424255371,22.75,0.21167065460532283,-0.31662678047411896
194,194.0,702.91,512.16,0,,22.875,0.0,-0.0
195,195.0,702.91,512.16,0,,23.0,0.0,0.0
196,196.0,701.42,509.04,1.0,5.742892742156982,23.125,3.4575280186861392,0.0
197,197.0,701.36,509.19,1.0,5.515748977661133,23.25,0.16155494421399375,-0.37860000000000193
198,198.0,701.48,509.12,1.0,5.238280296325684,23.375,0.13892443989449854,-0.017699999999991108
199,199.0,701.29,508.68,1.0,5.562380313873291,23.5,0.4792702786528899,0.007999999999989429
200,200.0,701.29,508.68,0,,23.625,0.0,0.0
201,201.0,701.5,509.0,1.0,5.733963489532471,23.75,0.382753184180107,-0.0
202,202.0,701.5,509.0,0,,23.875,0.0,-0.0
203,203.0,701.5,509.0,0,,24.0,0.0,0.0
204,204.0,701.59,509.17,1.0,5.782759189605713,24.125,0.1923538406167424,-0.0
205,205.0,701.59,509.17,0,,24.25,0.0,-0.0
206,206.0,701.64,509.04,1.0,5.274594306945801,24.375,0.13928388277182063,0.0
207,207.0,701.63,509.35,1.0,5.444159984588623,24.5,0.3101612483854184,-0.04079999999999798
208,208.0,701.28,508.76,1.0,5.645675182342529,24.625,0.6860029154457388,-0.1794000000000142
209,209.0,701.34,509.22,1.0,5.1918840408325195,24.75,0.4638965401897718,-0.29240000000005817
210,210.0,701.3,508.9,1.0,5.414120674133301,24.875,0.32249030993200123,-0.14960000000004167
211,211.0,701.47,505.81,1.0,5.342625617980957,25.0,3.0946728421595506,0.9820000000001305
212,212.0,701.5,504.5,1.0,5.830951690673828,25.125,1.310343466423977,4.052999999999972
213,213.0,700.73,503.26,1.0,5.697022438049316,25.25,1.459623239058626,1.6013000000000364
214,214.0,700.82,503.23,1.0,5.762800216674805,25.375,0.09486832980507294,-0.03210000000005643
215,215.0,701.02,502.36,1.0,6.09688663482666,25.5,0.8926925562588615,0.04409999999997663
216,216.0,700.5,500.0,1.0,5.385164737701416,25.625,2.416609194718924,1.9492000000000618
217,217.0,700.39,498.14,1.0,5.494783401489258,25.75,1.8632498490540805,4.446800000000063
218,218.0,700.39,498.14,0,,25.875,0.0,0.0
219,219.0,700.14,495.12,1.0,5.639238357543945,26.0,3.030330015031348,0.0
220,220.0,700.06,493.59,1.0,5.893826007843018,26.125,1.5320900756809623,4.640600000000072
221,221.0,700.06,493.59,0,,26.25,0.0,0.0
222,222.0,700.13,494.12,1.0,5.867873191833496,26.375,0.5346026561849823,-0.0
223,223.0,699.52,494.51,1.0,5.838923454284668,26.5,0.7240165743959223,0.16399999999997283
224,224.0,700.23,494.45,1.0,6.131023406982422,26.625,0.7125307010929788,-0.456500000000032
225,225.0,700.23,494.45,0,,26.75,0.0,0.0
226,226.0,700.23,494.45,0,,26.875,0.0,0.0
227,227.0,700.23,494.45,0,,27.0,0.0,0.0
228,228.0,699.91,494.31,1.0,5.1076507568359375,27.125,0.3492849839315,0.0
229,229.0,700.22,494.5,1.0,5.358005046844482,27.25,0.3635931792540061,-0.12580000000003153
230,230.0,700.22,494.5,0,,27.375,0.0,-0.0
231,231.0,700.22,494.5,0,,27.5,0.0,0.0
232,232.0,700.01,494.22,1.0,5.95505428314209,27.625,0.35,0.0
233,233.0,700.9,491.36,1.0,6.315211772918701,27.75,2.9952796196682634,0.6138999999998963
234,234.0,700.9,491.36,0,,27.875,0.0,0.0
235,235.0,700.39,490.1,1.0,5.670927047729492,28.0,1.3593012911050912,0.0
236,236.0,700.39,490.1,0,,28.125,0.0,0.0
237,237.0,700.53,488.64,1.0,5.926888465881348,28.25,1.4666969693839633,0.0
238,238.0,700.53,488.64,0,,28.375,0.0,0.0
239,239.0,700.263916015625,487.09722900390625,2.0,5.619037628173828,28.5,1.5655487961507044,0.0
240,240.0,700.263916015625,487.09722900390625,0,,28.625,0.0,0.0
241,241.0,700.263916015625,487.09722900390625,0,,28.75,0.0,0.0
242,242.0,700.39,486.46,1.0,5.8833723068237305,28.875,0.6495829235249719,0.0
243,243.0,700.39,486.46,0,,29.0,0.0,0.0
244,244.0,700.28,486.67,1.0,5.536096096038818,29.125,0.2370653918226325,0.0
245,245.0,767.0,479.5,1.0,3.605551242828369,29.25,67.10415262858182,-8.844900000001177
246,246.0,700.25,486.96,1.0,5.683925151824951,29.375,67.165572282234,-4507.048200000002
247,247.0,700.25,486.96,0,,29.5,0.0,0.0
248,248.0,700.18,487.56,1.0,6.096981525421143,29.625,0.6040695324215867,0.0
249,249.0,700.18,487.56,0,,29.75,0.0,0.0
250,250.0,700.18,487.56,0,,29.875,0.0,0.0
251,251.0,700.19,486.7,1.0,5.541711330413818,30.0,0.8600581375697957,0.0
252,252.0,700.0,486.5,1.0,5.0,30.125,0.2758622844827038,0.17009999999997255
253,253.0,700.0,486.5,0,,30.25,0.0,0.0
254,254.0,700.3790893554688,486.67974853515625,2.0,5.8246259689331055,30.375,0.41954531974570985,-0.0
255,255.0,700.3790893554688,486.67974853515625,0,,30.5,0.0,-0.0
256,256.0,699.54,485.35,1.0,5.750670433044434,30.625,1.5723555937545284,0.0
257,257.0,699.5,485.5,1.0,5.830951690673828,30.75,0.1552417469625689,-0.16589870605468293
258,258.0,699.45,485.4,1.0,5.9222941398620605,30.875,0.11180339887498948,-0.013000000000004775
259,259.0,699.45,485.4,0,,31.0,0.0,0.0
260,260.0,699.45,485.4,0,,31.125,0.0,0.0
261,261.0,699.75,485.43,1.0,5.312742233276367,31.25,0.3014962686335844,-0.0
262,262.0,699.75,485.43,0,,31.375,0.0,-0.0
263,263.0,675.0,474.0,1.0,3.6502814292907715,31.5,27.261830459453748,0.0
264,264.0,699.7755126953125,481.7210998535156,2.0,5.625122547149658,31.625,25.95074974376559,-701.446110534668
265,265.0,699.7755126953125,481.7210998535156,0,,31.75,0.0,-0.0
266,266.0,699.5,481.38,1.0,5.668845176696777,31.875,0.43847047260533106,0.0
267,267.0,699.5,481.38,0,,32.0,0.0,0.0
268,268.0,699.5,481.38,0,,32.125,0.0,0.0
269,269.0,699.63,481.37,1.0,5.9337077140808105,32.25,0.13038404810404775,0.0
270,270.0,699.58,481.44,1.0,5.787729740142822,32.375,0.08602325267039429,-0.0071999999999931555
271,271.0,699.45,481.2,1.0,5.375568389892578,32.5,0.2729468812791294,-0.010300000000005138
272,272.0,699.5,480.88,1.0,5.389774322509766,32.625,0.32388269481401916,0.07030000000000741
273,273.0,699.63,481.37,1.0,5.9337077140808105,32.75,0.5069516742254706,-0.1503000000000057
274,274.0,699.63,481.37,0,,32.875,0.0,-0.0
275,275.0,699.57,481.03,1.0,6.4046549797058105,33.0,0.34525353003266324,0.0
276,276.0,699.61,481.14,1.0,5.494783401489258,33.125,0.11704699910719664,-0.03980000000000378
277,277.0,699.61,481.14,0,,33.25,0.0,-0.0
278,278.0,699.93,480.95,1.0,5.688653469085693,33.375,0.37215588131851196,0.0
279,279.0,699.71,481.0,1.0,5.899795055389404,33.5,0.2256102834534878,-0.07989999999996039
280,280.0,699.4,481.23,1.0,5.750298976898193,33.625,0.38600518131243394,0.07969999999998974
281,281.0,699.4,481.23,0,,33.75,0.0,0.0
282,282.0,699.81,481.04,1.0,5.91080904006958,33.875,0.45188494110777033,0.0
283,283.0,699.91,480.84,1.0,5.301436424255371,34.0,0.2236067977500298,0.07900000000001432
284,284.0,699.91,480.84,0,,34.125,0.0,0.0
285,285.0,699.61,481.14,1.0,5.494783401489258,34.25,0.4242640687119044,0.0
286,286.0,699.64,480.61,1.0,5.4155192375183105,34.375,0.5308483775994511,-0.1679999999999883
287,287.0,699.52,481.12,1.0,5.238280296325684,34.5,0.5239274758971816,-0.27389999999997816
288,288.0,699.5,481.27,1.0,5.5812668800354,34.625,0.1513274595041906,0.07889999999998494
289,289.0,699.5,481.27,0,,34.75,0.0,0.0
290,290.0,699.87,481.19,1.0,5.621143817901611,34.875,0.3785498646149551,0.0
291,291.0,699.63,480.73,1.0,5.587796688079834,35.0,0.5188448708428999,-0.05200000000001342
292,292.0,699.63,480.73,0,,35.125,0.0,0.0
293,293.0,699.7,480.9,1.0,5.414120674133301,35.25,0.18384776310848355,-0.0
294,294.0,699.7,480.9,0,,35.375,0.0,-0.0
295,295.0,699.55,480.8,1.0,5.375568389892578,35.5,0.1802775637732562,0.0
296,296.0,699.67,480.7,1.0,5.930680274963379,35.625,0.15620499351815115,-0.008000000000012733
297,297.0,699.71,480.75,1.0,5.623178958892822,35.75,0.06403124237438566,-0.00019999999999281443
298,298.0,699.71,480.75,0,,35.875,0.0,-0.0
299,299.0,699.59,480.74,1.0,5.433725833892822,36.0,0.12041594578792672,0.0
300,300.0,699.59,480.74,0,,36.125,0.0,0.0
301,301.0,699.59,480.74,0,,36.25,0.0,0.0
302,302.0,699.43,480.68,1.0,5.447703838348389,36.375,0.17088007490642806,0.0
303,303.0,699.84,479.5,1.0,5.385044574737549,36.5,1.249199743836062,0.005199999999956434
304,304.0,699.91,479.69,1.0,5.1076507568359375,36.625,0.2024845673131417,-0.195500000000019
305,305.0,699.91,479.69,0,,36.75,0.0,-0.0
306,306.0,699.91,479.69,0,,36.875,0.0,0.0
307,307.0,699.77,479.2,1.0,6.121958255767822,37.0,0.5096076922496413,0.0
308,308.0,699.77,479.2,0,,37.125,0.0,0.0
309,309.0,699.77,479.2,0,,37.25,0.0,0.0
310,310.0,699.77,479.2,0,,37.375,0.0,0.0
311,311.0,700.04,476.62,1.0,6.406688213348389,37.5,2.59408943562089,0.0
312,312.0,727.0,501.5,1.0,3.605551242828369,37.625,36.68591010183612,-56.91120000000008
313,313.0,699.94,475.52,1.0,5.427435398101807,37.75,37.51271784341942,-1375.9199999999998
314,314.0,700.19,475.83,1.0,5.780245780944824,37.875,0.3982461550347993,-14.818800000000051
315,315.0,700.1,476.04,1.0,5.802441120147705,38.0,0.22847319317596324,0.0426000000000038
316,316.0,700.17,475.5,1.0,6.193325996398926,38.125,0.5445181356024914,-0.11970000000002044
317,317.0,700.53,472.64,1.0,5.926888465881348,38.25,2.8825682992775885,1.569600000000044
318,318.0,700.64,472.75,1.0,5.348168849945068,38.375,0.15556349186105975,-0.2750000000000341
319,319.0,700.56,471.56,1.0,5.729297637939453,38.5,1.1926860441876568,-0.13970000000002156
320,320.0,700.56,471.56,0,,38.625,0.0,0.0
321,321.0,700.45,471.8,1.0,5.375568389892578,38.75,0.2640075756488483,0.0
322,322.0,700.81,469.22,1.0,6.0569891929626465,38.875,2.6049952015310596,-0.6587999999999726
323,323.0,700.86,467.55,1.0,5.775921821594238,39.0,1.670748335327634,4.326600000000034
324,324.0,700.81,467.76,1.0,6.1372199058532715,39.125,0.21587033144922493,-0.353199999999976
325,325.0,701.39,466.62,1.0,6.150512218475342,39.25,1.279062156425565,-0.2684000000000154
326,326.0,701.19,466.17,1.0,5.886423110961914,39.375,0.49244289008976716,0.3970000000000123
327,327.0,701.19,466.17,0,,39.5,0.0,0.0
328,328.0,701.3216552734375,465.8304138183594,2.0,5.912833213806152,39.625,0.3642140658804364,0.0
329,329.0,701.3216552734375,465.8304138183594,0,,39.75,0.0,0.0
330,330.0,701.28,466.44,1.0,5.53757381439209,39.875,0.6110077533488012,0.0
331,331.0,701.34,465.78,1.0,5.1918840408325195,40.0,0.662721661031266,-0.40482619628908034
332,332.0,701.24,466.0,1.0,6.012497425079346,40.125,0.2416609194719257,-0.15120000000003078
333,333.0,701.24,466.0,0,,40.25,0.0,0.0
334,334.0,701.28,466.24,1.0,5.645675182342529,40.375,0.24331050121193176,-0.0
335,335.0,701.28,466.24,0,,40.5,0.0,-0.0
336,336.0,701.28,466.24,0,,40.625,0.0,0.0
337,337.0,701.31,465.96,1.0,6.0590949058532715,40.75,0.28160255680660096,0.0
338,338.0,701.37,466.27,1.0,5.587796688079834,40.875,0.31575306807695236,-0.08500000000000967
339,339.0,701.59,465.75,1.0,6.3527326583862305,41.0,0.5646237685397181,-0.1479999999999809
340,340.0,701.28,465.33,1.0,5.536096096038818,41.125,0.5220153254455754,0.15019999999997918
341,341.0,701.23,465.63,1.0,5.310828685760498,41.25,0.30413812651491473,-0.11050000000002069
342,342.0,701.25,465.88,1.0,5.633481025695801,41.375,0.2507987240796876,0.07400000000000466
343,343.0,701.25,465.88,0,,41.5,0.0,-0.0
344,344.0,701.8,465.59,1.0,6.3807373046875,41.625,0.6217716622683619,0.0
345,345.0,701.56,465.44,1.0,5.729297637939453,41.75,0.28301943396169377,-0.08849999999999761
346,346.0,701.25,465.96,1.0,5.683925151824951,41.875,0.6053924347065689,-0.0035999999999957177
347,347.0,701.3,465.79,1.0,5.871886730194092,42.0,0.17720045146664143,-0.1038999999999588
348,348.0,701.25,465.77,1.0,5.714982032775879,42.125,0.053851648071317176,0.0009000000000103001
349,349.0,701.37,465.73,1.0,5.587796688079834,42.25,0.12649110640672798,-0.0051999999999939525
350,350.0,701.5,466.38,1.0,5.668845176696777,42.375,0.6628725367670388,-0.010399999999975396
351,351.0,701.5,466.38,0,,42.5,0.0,-0.0
352,352.0,701.28,466.24,1.0,5.645675182342529,42.625,0.26076809620812164,0.0
353,353.0,701.28,466.24,0,,42.75,0.0,0.0
354,354.0,701.46,465.83,1.0,6.2584028244018555,42.875,0.4477722635448107,0.0
355,355.0,701.05,466.01,1.0,5.824147701263428,43.0,0.4477722635448399,-0.14760000000004814
356,356.0,701.1221923828125,466.0,2.0,6.093145370483398,43.125,0.07288168587617146,-0.03139887695314798
357,357.0,701.5,465.27,1.0,5.5812668800354,43.25,0.8219723812908334,0.034574832129489176
358,358.0,701.39,465.9,1.0,5.670927047729492,43.375,0.6395310782127771,-0.5014588378906383
359,359.0,701.19,466.09,1.0,5.918316841125488,43.5,0.2758622844826234,0.14169999999999291
360,360.0,701.19,466.09,0,,43.625,0.0,0.0
361,361.0,701.19,466.09,0,,43.75,0.0,0.0
362,362.0,701.19,466.09,0,,43.875,0.0,0.0
363,363.0,701.5,465.88,1.0,5.389774322509766,44.0,0.37443290453692446,0.0
364,364.0,701.2820434570312,466.1282043457031,2.0,5.8943071365356445,44.125,0.3303187125320139,-0.11968944091795272
365,365.0,701.28,466.13,1.0,5.8943071365356445,44.25,0.0027203108264582366,0.0008910740301061257
366,366.0,701.28,466.13,0,,44.375,0.0,0.0
367,367.0,701.33,465.67,1.0,5.369692802429199,44.5,0.462709412050358,0.0
368,368.0,701.33,465.67,0,,44.625,0.0,0.0
369,369.0,701.33,465.67,0,,44.75,0.0,0.0
370,370.0,701.6,464.84,1.0,4.642539024353027,44.875,0.872811548961205,0.0
371,371.0,701.45,464.85,1.0,3.864551067352295,45.0,0.15033296378370956,-0.04880000000003117
372,372.0,701.23,466.48,1.0,3.864551067352295,45.125,1.6447796204963134,0.04930000000007688
373,373.0,701.23,466.48,0,,45.25,0.0,0.0
374,374.0,701.23,466.48,0,,45.375,0.0,0.0
375,375.0,702.15,461.85,1.0,4.4892377853393555,45.5,4.720519039258277,0.0
376,376.0,702.57,460.31,1.0,5.521496772766113,45.625,1.596245595138832,7.516600000000137
377,377.0,702.2,460.08,1.0,5.670281887054443,45.75,0.4356604182158527,0.1988000000000039
378,378.0,702.62,460.37,1.0,5.841409683227539,45.875,0.5103920062069718,-0.22209999999999674
379,379.0,702.47,460.19,1.0,5.342625617980957,46.0,0.2343074902771903,-0.11519999999998996
380,380.0,702.52,459.87,1.0,5.678677558898926,46.125,0.32388269481401916,0.050100000000008915
381,381.0,702.52,459.87,0,,46.25,0.0,0.0
382,382.0,702.5,460.0,1.0,5.385164737701416,46.375,0.1315294643796518,0.0
383,383.0,702.47,460.19,1.0,5.342625617980957,46.5,0.19235384061670693,0.025299999999997748
384,384.0,702.46,459.82,1.0,5.750463962554932,46.625,0.3701351104664392,-0.07000000000000058
385,385.0,702.5,460.1,1.0,5.161395072937012,46.75,0.28284271247464315,-0.10400000000001149
386,386.0,702.5,460.0,1.0,5.385164737701416,46.875,0.10000000000002274,-0.028000000000009323
387,387.0,702.53,459.81,1.0,5.342625617980957,47.0,0.19235384061670693,0.019000000000004093
388,388.0,702.57,459.55,1.0,5.944570541381836,47.125,0.26305892875932085,0.05059999999999891
389,389.0,702.57,459.55,0,,47.25,0.0,0.0
390,390.0,702.58,459.56,1.0,5.787729740142822,47.375,0.014142135623718088,-0.0
391,391.0,702.58,459.56,0,,47.5,0.0,-0.0
392,392.0,702.94,457.61,1.0,5.22700309753418,47.625,1.9829523443592803,0.0
393,393.0,702.86,458.12,1.0,5.639238357543945,47.75,0.5162363799656097,-1.0232999999999923
394,394.0,702.86,458.12,0,,47.875,0.0,0.0
395,395.0,703.23,455.14,1.0,6.083581447601318,48.0,3.00288194906162,0.0
396,396.0,702.94,455.35,1.0,5.291921615600586,48.125,0.358050275799355,-0.7331000000001001
397,397.0,703.2,454.96,1.0,5.9045305252075195,48.25,0.4687216658103495,-0.15730000000001115
398,398.0,703.2,454.96,1.0,5.9045305252075195,48.375,0.0,0.0
399,399.0,703.1,454.82,1.0,5.854477882385254,48.5,0.17204650534085464,0.0
400,400.0,703.2,454.96,1.0,5.9045305252075195,48.625,0.17204650534085464,-0.029600000000000726
401,401.0,703.09,455.16,1.0,5.301436424255371,48.75,0.22825424421031296,0.016999999999999772
402,402.0,703.26,454.9,1.0,5.786863327026367,48.875,0.31064449134019895,-0.07070000000001919
403,403.0,703.26,454.9,0,,49.0,0.0,0.0
404,404.0,703.36,455.14,1.0,6.325632095336914,49.125,0.2600000000000171,-0.0
405,405.0,703.2,454.96,1.0,5.9045305252075195,49.25,0.24083189157582985,-0.059200000000003736
406,406.0,703.19,454.83,1.0,5.780245780944824,49.375,0.13038404810404775,0.024999999999998294
407,407.0,702.91,454.84,1.0,5.301436424255371,49.5,0.280178514522524,0.001499999999999545
408,408.0,703.11,455.27,1.0,5.904196739196777,49.625,0.47423622805520044,-0.05170000000003386
409,409.0,703.2,454.96,1.0,5.9045305252075195,49.75,0.3228002478313905,-0.11529999999999263
410,410.0,703.28,454.44,1.0,5.53757381439209,49.875,0.5261178575186072,0.16839999999999153
411,411.0,703.2,454.96,1.0,5.9045305252075195,50.0,0.5261178575186072,-0.27679999999996946
412,412.0,703.3,454.81,1.0,5.553401947021484,50.125,0.1802775637731301,-0.08599999999997089
413,413.0,703.29,455.0,1.0,5.899795055389404,50.25,0.19026297590440172,-0.029499999999993518
414,414.0,703.28,455.13,1.0,5.8943071365356445,50.375,0.13038404810404775,0.02479999999999866
415,415.0,701.82,451.35,1.0,5.690410137176514,50.5,4.052159917870909,-0.4767999999999933
416,416.0,701.39,450.86,1.0,5.494783401489258,50.625,0.6519202405203137,2.480000000000081
417,417.0,701.15,450.85,1.0,6.14428186416626,50.75,0.24020824298929497,0.10810000000001482
418,418.0,701.42,451.04,1.0,5.742892742156982,50.875,0.33015148038436737,-0.06669999999999635
419,419.0,701.5,451.0,1.0,5.733963489532471,51.0,0.08944271910003734,0.014000000000005796
420,420.0,701.42,451.04,1.0,5.742892742156982,51.125,0.08944271910003734,-0.008000000000008185
421,421.0,701.3,450.9,1.0,5.414120674133301,51.25,0.1843908891458935,0.004000000000000682
422,422.0,701.42,451.04,1.0,5.742892742156982,51.375,0.1843908891458935,-0.034000000000013186
423,423.0,701.36,451.19,1.0,5.515748977661133,51.5,0.16155494421399375,0.013800000000009572
424,424.0,701.3,450.81,1.0,5.553401947021484,51.625,0.38470768123343163,-0.053399999999990407
425,425.0,701.58,450.96,1.0,5.742892742156982,51.75,0.31764760348543725,-0.07380000000001241
426,426.0,701.69,451.0,1.0,6.031266689300537,51.875,0.11704699910721605,0.03680000000001549
427,427.0,701.39,450.86,1.0,5.494783401489258,52.0,0.331058907144993,-0.038600000000013915
428,428.0,701.47,450.81,1.0,5.342625617980957,52.125,0.09433981132060677,-0.017000000000016828
429,429.0,701.47,450.81,1.0,5.342625617980957,52.25,0.0,0.0
430,430.0,701.47,450.81,1.0,5.342625617980957,52.375,0.0,0.0
431,431.0,701.18,450.9,1.0,5.791126251220703,52.5,0.3036445290138459,0.0
432,432.0,701.5,451.0,1.0,5.733963489532471,52.625,0.33526109228485873,-0.08380000000003969
433,433.0,701.5,451.0,1.0,5.733963489532471,52.75,0.0,-0.0
434,434.0,701.5,451.0,1.0,5.733963489532471,52.875,0.0,0.0
435,435.0,701.4761962890625,451.3650817871094,2.0,5.280052661895752,53.0,0.36585697742884593,0.0
436,436.0,701.58,450.96,1.0,5.742892742156982,53.125,0.41817037754023917,-0.1503588962927545
437,437.0,701.5,451.0,1.0,5.0,53.25,0.08944271910003734,-0.024507568359391628
438,438.0,700.77,449.35,1.0,5.591261863708496,53.375,1.804272706660485,-0.007600000000001522
439,439.0,700.19,447.8,1.0,5.610304355621338,53.5,1.6549622352186624,2.980899999999941
440,440.0,699.87,447.81,1.0,5.621143817901611,53.625,0.3201562118716922,0.1701000000000197
441,441.0,700.37,448.23,1.0,5.310828685760498,53.75,0.6529931086925905,-0.15580000000002867
442,442.0,699.81,447.0,1.0,4.820444583892822,53.875,1.35148066948814,-0.7966000000000568
443,443.0,699.81,447.0,0,,54.0,0.0,0.0
444,444.0,699.58,446.96,1.0,5.742892742156982,54.125,0.23345235059848446,0.0
445,445.0,699.55,446.38,1.0,5.464191913604736,54.25,0.5807753438292528,0.03010000000002824
446,446.0,699.74,446.68,1.0,5.599269390106201,54.375,0.35510561809133284,-0.17970000000001987
447,447.0,700.12,446.67,1.0,5.101672172546387,54.5,0.3801315561749595,0.0692000000000225
448,448.0,699.81,446.09,1.0,5.918316841125488,54.625,0.6576473218983593,-0.11200000000002593
449,449.0,699.53,446.65,1.0,5.299516201019287,54.75,0.6260990336999309,-0.23800000000001614
450,450.0,699.53,446.65,0,,54.875,0.0,0.0
451,451.0,699.77,446.77,1.0,5.007096767425537,55.0,0.26832815729998494,-0.0
452,452.0,699.71,447.06,1.0,4.899608135223389,55.125,0.2961418578992259,0.020400000000016322
453,453.0,699.71,447.06,0,,55.25,0.0,0.0
454,454.0,699.6,446.56,1.0,5.675558567047119,55.375,0.5119570294468111,0.0
455,455.0,700.0,447.0,1.0,5.656854152679443,55.5,0.5946427498927233,-0.2640000000000018
456,456.0,699.81,447.0,1.0,5.947551727294922,55.625,0.19000000000005457,-0.07600000000001751
457,457.0,699.58,445.43,1.0,5.212822437286377,55.75,1.5867577004697142,0.04369999999999441
458,458.0,699.34,445.22,1.0,5.1918840408325195,55.875,0.31890437438203284,0.3848999999999456
459,459.0,699.47,445.46,1.0,5.116958141326904,56.0,0.27294688127907946,-0.08159999999998516
460,460.0,699.47,445.46,0,,56.125,0.0,-0.0
461,461.0,699.47,445.46,0,,56.25,0.0,0.0
462,462.0,699.47,445.46,0,,56.375,0.0,0.0
463,463.0,699.16,445.63,1.0,5.2867536544799805,56.5,0.3535533905933333,0.0
464,464.0,699.29,445.71,1.0,4.610671520233154,56.625,0.15264337522472526,-0.026700000000007707
465,465.0,699.14,445.69,1.0,4.315976142883301,56.75,0.1513274595041906,-0.02109999999999459
466,466.0,699.76,442.93,1.0,4.326507091522217,56.875,2.82878065604245,-0.037800000000036964
467,467.0,699.76,442.93,0,,57.0,0.0,0.0
468,468.0,699.77,443.23,1.0,5.007096767425537,57.125,0.30016662039608377,-0.0
469,469.0,700.34,441.78,1.0,5.1918840408325195,57.25,1.558011553230652,-0.4293000000000348
470,470.0,700.19,442.08,1.0,5.193510055541992,57.375,0.33541019662496846,-0.5205000000000247
471,471.0,700.09,441.91,1.0,5.673422813415527,57.5,0.19723082923313645,-0.03599999999998852
472,472.0,700.19,440.84,1.0,5.620962142944336,57.625,1.0746627377927047,0.17189999999996014
473,473.0,700.5,441.0,1.0,5.733963489532471,57.75,0.3488552708502111,-0.1402000000000332
474,474.0,700.19,440.96,1.0,5.91080904006958,57.875,0.31256999216170417,-0.10249999999997045
475,475.0,686.0,469.5,1.0,3.605551242828369,58.0,31.872993270165303,3.257299999998658
476,476.0,700.38623046875,440.89947509765625,3.0,6.321385383605957,58.125,32.01489734154361,-1020.3995910644545
477,477.0,700.38623046875,440.89947509765625,0,,58.25,0.0,0.0
478,478.0,700.0,440.65,1.0,5.1094512939453125,58.375,0.45979538856044605,0.0
479,479.0,700.28,440.87,1.0,5.8943071365356445,58.5,0.3560898762952925,-0.16302905273437626
480,480.0,700.8192138671875,440.68927001953125,2.0,6.354633808135986,58.625,0.5686958065675926,0.11121928710936199
481,481.0,700.8192138671875,440.68927001953125,0,,58.75,0.0,0.0
482,482.0,700.56,439.11,1.0,5.890684604644775,58.875,1.6004017069262702,0.0
483,483.0,700.66,439.32,1.0,6.282442092895508,59.0,0.23259406699225144,-0.3575680908202887
484,484.0,700.66,439.32,0,,59.125,0.0,-0.0
485,485.0,700.34,438.92,1.0,5.685824394226074,59.25,0.5122499389945704,0.0
486,486.0,710.0,469.5,1.0,3.605551242828369,59.375,32.06948705545504,-15.323199999998673
487,487.0,701.09,438.33,1.0,6.688982009887695,59.5,32.418466959435335,-1039.2491999999993
488,488.0,701.09,438.33,0,,59.625,0.0,0.0
489,489.0,700.263916015625,438.8958435058594,2.0,5.786863327026367,59.75,1.001295971411138,0.0
490,490.0,719.5,415.0,1.0,3.605551242828369,59.875,30.676346977931548,-29.411928766408064
491,491.0,729.33,539.05,12.0,3.7962162494659424,60.0,124.43886611505262,-2775.188681335447
492,492.0,763.2444458007812,501.6578063964844,5.0,3.6131675243377686,60.125,50.48134087419744,-4305.122614294425
493,493.0,725.5,447.5,1.0,3.1622776985168457,60.25,66.01296223081644,744.9972205279385
494,494.0,728.0,449.6666564941406,2.0,3.971238136291504,60.375,3.3082322112575087,-211.70247743930668
495,495.0,728.0,449.6666564941406,0,,60.5,0.0,-0.0
496,496.0,728.0,449.6666564941406,0,,60.625,0.0,0.0
497,497.0,710.0,465.5,1.0,3.605551242828369,60.75,23.972792214811758,0.0
498,498.0,710.0,465.5,0,,60.875,0.0,0.0
499,499.0,710.0,465.5,0,,61.0,0.0,0.0
500,500.0,710.0,465.5,0,,61.125,0.0,0.0
501,501.0,710.0,465.5,0,,61.25,0.0,0.0
502,502.0,710.0,465.5,0,,61.375,0.0,0.0
503,503.0,710.0,465.5,0,,61.5,0.0,0.0
504,504.0,710.0,465.5,0,,61.625,0.0,0.0
505,505.0,710.0,465.5,0,,61.75,0.0,0.0
506,506.0,710.0,465.5,0,,61.875,0.0,0.0
507,507.0,710.0,465.5,0,,62.0,0.0,0.0
508,508.0,710.0,465.5,0,,62.125,0.0,0.0
509,509.0,710.0,465.5,0,,62.25,0.0,0.0
510,510.0,710.0,465.5,0,,62.375,0.0,0.0
511,511.0,710.0,465.5,0,,62.5,0.0,0.0
512,512.0,710.0,465.5,0,,62.625,0.0,0.0
513,513.0,710.0,465.5,0,,62.75,0.0,0.0
514,514.0,710.0,465.5,0,,62.875,0.0,0.0
515,515.0,710.0,465.5,0,,63.0,0.0,0.0
516,516.0,710.0,465.5,0,,63.125,0.0,0.0
517,517.0,710.0,465.5,0,,63.25,0.0,0.0
518,518.0,710.0,465.5,0,,63.375,0.0,0.0
519,519.0,710.0,465.5,0,,63.5,0.0,0.0
520,520.0,710.0,465.5,0,,63.625,0.0,0.0
521,521.0,710.0,465.5,0,,63.75,0.0,0.0
522,522.0,710.0,465.5,0,,63.875,0.0,0.0
523,523.0,710.0,465.5,0,,64.0,0.0,0.0
524,524.0,710.0,465.5,0,,64.125,0.0,0.0
525,525.0,710.0,465.5,0,,64.25,0.0,0.0
526,526.0,710.0,465.5,0,,64.375,0.0,0.0
527,527.0,710.0,465.5,0,,64.5,0.0,0.0
528,528.0,710.0,465.5,0,,64.625,0.0,0.0
529,529.0,710.0,465.5,0,,64.75,0.0,0.0
530,530.0,710.0,465.5,0,,64.875,0.0,0.0
531,531.0,710.0,465.5,0,,65.0,0.0,0.0
532,532.0,710.0,465.5,0,,65.125,0.0,0.0
533,533.0,710.0,465.5,0,,65.25,0.0,0.0
534,534.0,710.0,465.5,0,,65.375,0.0,0.0
535,535.0,710.0,465.5,0,,65.5,0.0,0.0
536,536.0,710.0,465.5,0,,65.625,0.0,0.0
537,537.0,710.0,465.5,0,,65.75,0.0,0.0
538,538.0,710.0,465.5,0,,65.875,0.0,0.0
539,539.0,710.0,465.5,0,,66.0,0.0,0.0
540,540.0,710.0,465.5,0,,66.125,0.0,0.0
541,541.0,710.0,465.5,0,,66.25,0.0,0.0
542,542.0,710.0,465.5,0,,66.375,0.0,0.0
543,543.0,710.0,465.5,0,,66.5,0.0,0.0
544,544.0,710.0,465.5,0,,66.625,0.0,0.0
545,545.0,710.0,465.5,0,,66.75,0.0,0.0
546,546.0,710.0,465.5,0,,66.875,0.0,0.0
547,547.0,710.0,465.5,0,,67.0,0.0,0.0
548,548.0,710.0,465.5,0,,67.125,0.0,0.0
549,549.0,710.0,465.5,0,,67.25,0.0,0.0
550,550.0,710.0,465.5,0,,67.375,0.0,0.0
551,551.0,710.0,465.5,0,,67.5,0.0,0.0
552,552.0,710.0,465.5,0,,67.625,0.0,0.0
553,553.0,710.0,465.5,0,,67.75,0.0,0.0
554,554.0,710.0,465.5,0,,67.875,0.0,0.0
555,555.0,710.0,465.5,0,,68.0,0.0,0.0
556,556.0,710.0,465.5,0,,68.125,0.0,0.0
557,557.0,699.0,481.5,1.0,3.605551242828369,68.25,19.4164878389476,0.0
558,558.0,699.0,481.5,0,,68.375,0.0,0.0
559,559.0,699.0,481.5,0,,68.5,0.0,0.0
560,560.0,699.0,481.5,0,,68.625,0.0,0.0
561,561.0,699.0,481.5,0,,68.75,0.0,0.0
562,562.0,699.0,481.5,0,,68.875,0.0,0.0
563,563.0,699.0,481.5,0,,69.0,0.0,0.0
564,564.0,699.0,481.5,0,,69.125,0.0,0.0
565,565.0,699.0,481.5,0,,69.25,0.0,0.0
566,566.0,699.0,481.5,0,,69.375,0.0,0.0
567,567.0,738.81,460.19,1.0,3.6345863342285156,69.5,45.15475833176384,0.0
568,568.0,738.63,460.22,1.0,3.6131675243377686,69.625,0.1824828759089021,-7.805099999998629
569,569.0,738.63,460.22,0,,69.75,0.0,0.0
570,570.0,741.19,462.19,1.0,3.6345863342285156,69.875,3.2302476685232957,-0.0
571,571.0,741.0,461.81,1.0,3.1094911098480225,70.0,0.42485291572498035,-1.2350000000001309
572,572.0,741.22,462.37,1.0,3.6131675243377686,70.125,0.601664358259665,-0.25460000000001554
573,573.0,723.0,473.5,1.0,3.605551242828369,70.25,21.350533951168547,2.2243999999995188
574,574.0,723.0,473.5,0,,70.375,0.0,0.0
575,575.0,742.81,464.19,1.0,3.6345863342285156,70.5,21.888631752578732,0.0
576,576.0,742.5,464.28,1.0,3.576000213623047,70.625,0.3228002478313201,-6.97899999999867
577,577.0,742.78,464.37,1.0,3.6131675243377686,70.75,0.2941088233970386,-0.07869999999997565
578,578.0,742.5,464.5,1.0,3.1622776985168457,70.875,0.30870698080863596,-0.066699999999981
579,579.0,742.78,464.37,1.0,3.6131675243377686,71.0,0.30870698080863596,-0.09529999999998354
580,580.0,742.81,464.19,1.0,3.6345863342285156,71.125,0.18248287590894882,0.031799999999991606
581,581.0,742.81,464.19,1.0,3.6345863342285156,71.25,0.0,0.0
582,582.0,742.78,464.37,1.0,3.6131675243377686,71.375,0.18248287590894882,0.0
583,583.0,745.35,463.16,1.0,3.1094911098480225,71.5,2.8405985284795543,-0.29489999999993594
584,584.0,742.81,463.81,1.0,3.6345863342285156,71.625,2.6218504915422547,-7.314300000000285
585,585.0,742.63,464.22,1.0,3.6131675243377686,71.75,0.447772263544765,0.7236999999998939
586,586.0,742.67,464.0,1.0,3.971238136291504,71.875,0.2236067977499993,-0.09740000000000813
587,587.0,743.25,464.27,1.0,4.277985095977783,72.0,0.639765582068962,-0.036200000000022825
588,588.0,742.81,464.19,1.0,3.6345863342285156,72.125,0.4472135955000088,-0.2768000000000439
589,589.0,742.81,464.19,1.0,3.6345863342285156,72.25,0.0,0.0
590,590.0,742.81,464.19,0,,72.375,0.0,0.0
591,591.0,742.55,464.14,1.0,3.836535930633545,72.5,0.26476404589746777,0.0
592,592.0,742.5,464.5,1.0,3.1622776985168457,72.625,0.3634556369077322,-0.005000000000017055
593,593.0,742.81,464.19,1.0,3.6345863342285156,72.75,0.4384062043356225,-0.12709999999998822
594,594.0,742.7843017578125,464.37255859375,2.0,3.6131675243377686,72.875,0.1843584546569616,-0.0645596191406078
595,595.0,742.67,464.0,1.0,3.971238136291504,73.0,0.38969834181840485,-0.06507641870976098
596,596.0,744.15,465.63,1.0,3.727257013320923,73.125,2.201658465793466,-0.7764371093750609
597,597.0,745.31,466.14,1.0,4.315976142883301,73.25,1.2671621837791391,2.5480999999999567
598,598.0,746.0,466.0,1.0,3.4142136573791504,73.375,0.704059656563328,0.7290000000000495
599,599.0,746.59,466.72,1.0,3.7962162494659424,73.5,0.9308598175880602,0.30630000000006014
600,600.0,749.27,477.33,1.0,4.186751365661621,73.625,10.94323992243608,9.220400000000314
601,601.0,749.27,477.33,0,,73.75,0.0,-0.0
602,602.0,749.27,477.33,0,,73.875,0.0,0.0
603,603.0,749.27,477.33,0,,74.0,0.0,0.0
604,604.0,746.63,497.22,1.0,3.6131675243377686,74.125,20.06443869137638,0.0
605,605.0,746.5,497.5,1.0,3.1622776985168457,74.25,0.30870698080863596,5.912399999999455
606,606.0,746.5,497.5,1.0,3.1622776985168457,74.375,0.0,0.0
607,607.0,746.28,497.5,1.0,3.576000213623047,74.5,0.22000000000002728,0.0
608,608.0,746.28,497.5,0,,74.625,0.0,0.0
609,609.0,745.72,501.5,1.0,3.576000213623047,74.75,4.039009779636581,0.0
610,610.0,745.57,501.77,1.0,4.545217514038086,74.875,0.3088689042295831,1.1639999999999062
611,611.0,767.0,489.5,1.0,3.605551242828369,75.0,24.694084311834636,-6.527399999999277
612,612.0,745.0,503.5,1.0,3.605551242828369,75.125,26.076809620810597,-643.2399999999986
613,613.0,744.81,503.0,1.0,3.1094911098480225,75.25,0.5348831648126726,-2.8199999999987995
614,614.0,743.86,504.55,1.0,3.836535930633545,75.375,1.8179658962697582,-0.5944999999999668
615,615.0,742.5,505.0,1.0,3.605551242828369,75.5,1.4325152704247264,1.9894999999999077
616,616.0,742.5,505.0,0,,75.625,0.0,0.0
617,617.0,742.5,505.0,0,,75.75,0.0,0.0
618,618.0,742.5,505.0,0,,75.875,0.0,0.0
619,619.0,742.5,505.0,0,,76.0,0.0,0.0
620,620.0,742.5,505.0,0,,76.125,0.0,0.0
621,621.0,742.5,505.0,0,,76.25,0.0,0.0
622,622.0,742.5,505.0,0,,76.375,0.0,0.0
623,623.0,742.5,505.0,0,,76.5,0.0,0.0
624,624.0,742.5,505.0,0,,76.625,0.0,0.0
625,625.0,742.5,505.0,0,,76.75,0.0,0.0
626,626.0,742.5,505.0,0,,76.875,0.0,0.0
627,627.0,742.5,505.0,0,,77.0,0.0,0.0
628,628.0,736.81,513.0,1.0,3.1094911098480225,77.125,9.817132982699206,0.0
629,629.0,736.81,513.0,0,,77.25,0.0,0.0
630,630.0,736.81,513.0,0,,77.375,0.0,0.0
631,631.0,736.81,513.0,0,,77.5,0.0,0.0
632,632.0,736.81,513.0,0,,77.625,0.0,0.0
633,633.0,736.81,513.0,0,,77.75,0.0,0.0
634,634.0,736.81,513.0,0,,77.875,0.0,0.0
635,635.0,736.81,513.0,0,,78.0,0.0,0.0
636,636.0,736.81,513.0,1.0,3.1094911098480225,78.125,0.0,0.0
637,637.0,736.81,513.0,0,,78.25,0.0,0.0
638,638.0,734.85,515.37,1.0,3.727257013320923,78.375,3.0754674441456404,0.0
639,639.0,734.85,515.37,0,,78.5,0.0,0.0
640,640.0,734.85,515.37,0,,78.625,0.0,0.0
641,641.0,734.85,515.37,0,,78.75,0.0,0.0
642,642.0,734.85,515.37,0,,78.875,0.0,0.0
643,643.0,731.81,519.0,1.0,3.1094911098480225,79.0,4.734817842325134,0.0
644,644.0,731.81,519.0,0,,79.125,0.0,0.0
645,645.0,731.81,519.0,0,,79.25,0.0,0.0
646,646.0,727.78,523.63,1.0,3.6131675243377686,79.375,6.138224498989894,0.0
647,647.0,727.78,523.63,0,,79.5,0.0,0.0
648,648.0,728.0,523.5,1.0,3.605551242828369,79.625,0.2555386467836339,0.0
649,649.0,728.0,523.5,0,,79.75,0.0,0.0
650,650.0,728.0,523.5,0,,79.875,0.0,0.0
651,651.0,728.0,523.5,0,,80.0,0.0,0.0
652,652.0,728.0,523.5,0,,80.125,0.0,0.0
653,653.0,728.0,523.5,0,,80.25,0.0,0.0
654,654.0,728.0,523.5,0,,80.375,0.0,0.0
655,655.0,728.0,523.5,0,,80.5,0.0,0.0
656,656.0,728.0,523.5,0,,80.625,0.0,0.0
657,657.0,728.0,523.5,0,,80.75,0.0,0.0
658,658.0,728.0,523.5,0,,80.875,0.0,0.0
659,659.0,728.0,523.5,0,,81.0,0.0,0.0
660,660.0,728.0,523.5,0,,81.125,0.0,0.0
661,661.0,728.0,523.5,0,,81.25,0.0,0.0
662,662.0,728.0,523.5,0,,81.375,0.0,0.0
663,663.0,728.0,523.5,0,,81.5,0.0,0.0
664,664.0,728.0,523.5,0,,81.625,0.0,0.0
665,665.0,728.0,523.5,0,,81.75,0.0,0.0
666,666.0,728.0,523.5,0,,81.875,0.0,0.0
667,667.0,728.0,523.5,0,,82.0,0.0,0.0
668,668.0,728.0,523.5,0,,82.125,0.0,0.0
669,669.0,728.0,523.5,0,,82.25,0.0,0.0
670,670.0,728.0,523.5,0,,82.375,0.0,0.0
671,671.0,728.0,523.5,0,,82.5,0.0,0.0
672,672.0,728.0,523.5,0,,82.625,0.0,0.0
673,673.0,728.0,523.5,0,,82.75,0.0,0.0
674,674.0,728.0,523.5,0,,82.875,0.0,0.0
675,675.0,728.0,523.5,0,,83.0,0.0,0.0
676,676.0,728.0,523.5,0,,83.125,0.0,0.0
677,677.0,728.0,523.5,0,,83.25,0.0,0.0
678,678.0,728.0,523.5,0,,83.375,0.0,0.0
679,679.0,720.5,527.5,2.0,3.1622776985168457,83.5,8.5,0.0
680,680.0,720.5,527.5,0,,83.625,0.0,0.0
681,681.0,720.5,527.5,0,,83.75,0.0,0.0
682,682.0,720.5,527.5,0,,83.875,0.0,0.0
683,683.0,720.5,527.5,0,,84.0,0.0,0.0
684,684.0,720.5,527.5,1.0,3.1622776985168457,84.125,0.0,0.0
685,685.0,734.7,497.79,1.0,3.849656343460083,84.25,32.929076816698036,0.0
686,686.0,734.7,497.79,0,,84.375,0.0,0.0
687,687.0,734.7,497.79,0,,84.5,0.0,0.0
688,688.0,720.5,527.5,1.0,3.1622776985168457,84.625,32.929076816698036,0.0
689,689.0,720.5,527.5,0,,84.75,0.0,0.0
690,690.0,720.5,527.5,1.0,3.1622776985168457,84.875,0.0,0.0
691,691.0,720.5,527.5,0,,85.0,0.0,0.0
692,692.0,720.5,527.5,0,,85.125,0.0,0.0
693,693.0,720.5,527.5,0,,85.25,0.0,0.0
694,694.0,672.0,481.5,1.0,3.605551242828369,85.375,66.84496989302934,0.0
695,695.0,672.0,481.5,0,,85.5,0.0,0.0
696,696.0,672.0,481.5,0,,85.625,0.0,0.0
697,697.0,672.0,481.5,0,,85.75,0.0,0.0
698,698.0,672.0,481.5,0,,85.875,0.0,0.0
699,699.0,672.0,481.5,0,,86.0,0.0,0.0
700,700.0,672.0,481.5,0,,86.125,0.0,0.0
701,701.0,672.0,481.5,0,,86.25,0.0,0.0
702,702.0,672.0,481.5,0,,86.375,0.0,0.0
703,703.0,672.0,481.5,0,,86.5,0.0,0.0
704,704.0,672.0,481.5,0,,86.625,0.0,0.0
705,705.0,672.0,481.5,0,,86.75,0.0,0.0
706,706.0,734.5,478.5,1.0,3.1622776985168457,86.875,62.57195857570706,0.0
707,707.0,734.5,478.5,0,,87.0,0.0,0.0
708,708.0,734.5,478.5,0,,87.125,0.0,0.0
709,709.0,734.5,478.5,0,,87.25,0.0,0.0
710,710.0,734.5,478.5,0,,87.375,0.0,0.0
711,711.0,734.5,478.5,0,,87.5,0.0,0.0
712,712.0,734.5,478.5,0,,87.625,0.0,0.0
713,713.0,734.5,478.5,0,,87.75,0.0,0.0
714,714.0,734.5,478.5,0,,87.875,0.0,0.0
715,715.0,734.5,478.5,0,,88.0,0.0,0.0
716,716.0,734.5,478.5,0,,88.125,0.0,0.0
717,717.0,734.5,478.5,0,,88.25,0.0,0.0
718,718.0,734.5,478.5,0,,88.375,0.0,0.0
719,719.0,734.5,478.5,0,,88.5,0.0,0.0
720,720.0,734.5,478.5,0,,88.625,0.0,0.0
721,721.0,734.5,478.5,0,,88.75,0.0,0.0
722,722.0,734.5,478.5,0,,88.875,0.0,0.0
723,723.0,734.5,478.5,0,,89.0,0.0,0.0
724,724.0,734.5,478.5,0,,89.125,0.0,0.0
725,725.0,734.5,478.5,0,,89.25,0.0,0.0
726,726.0,734.5,478.5,0,,89.375,0.0,0.0
727,727.0,734.5,478.5,0,,89.5,0.0,0.0
728,728.0,734.5,478.5,0,,89.625,0.0,0.0
729,729.0,734.5,478.5,0,,89.75,0.0,0.0
730,730.0,734.5,478.5,0,,89.875,0.0,0.0
731,731.0,734.5,478.5,0,,90.0,0.0,0.0
732,732.0,734.5,478.5,0,,90.125,0.0,0.0
733,733.0,734.5,478.5,0,,90.25,0.0,0.0
734,734.0,734.5,478.5,0,,90.375,0.0,0.0
735,735.0,734.5,478.5,0,,90.5,0.0,0.0
736,736.0,734.5,478.5,0,,90.625,0.0,0.0
737,737.0,734.5,478.5,0,,90.75,0.0,0.0
738,738.0,734.5,478.5,0,,90.875,0.0,0.0
739,739.0,720.0,473.5,1.0,3.605551242828369,91.0,15.337861650177967,0.0
740,740.0,720.0,473.5,0,,91.125,0.0,0.0
741,741.0,720.0,473.5,0,,91.25,0.0,0.0
742,742.0,720.0,473.5,0,,91.375,0.0,0.0
743,743.0,720.0,473.5,0,,91.5,0.0,0.0
744,744.0,720.0,473.5,0,,91.625,0.0,0.0
745,745.0,720.0,473.5,0,,91.75,0.0,0.0
746,746.0,720.0,473.5,0,,91.875,0.0,0.0
747,747.0,720.0,473.5,0,,92.0,0.0,0.0
748,748.0,720.0,473.5,0,,92.125,0.0,0.0
749,749.0,720.0,473.5,0,,92.25,0.0,0.0
750,750.0,720.0,473.5,0,,92.375,0.0,0.0
751,751.0,720.0,473.5,0,,92.5,0.0,0.0
752,752.0,720.0,473.5,0,,92.625,0.0,0.0
753,753.0,720.0,473.5,0,,92.75,0.0,0.0
754,754.0,720.0,473.5,0,,92.875,0.0,0.0
755,755.0,720.0,473.5,0,,93.0,0.0,0.0
756,756.0,720.0,473.5,0,,93.125,0.0,0.0
757,757.0,720.0,473.5,0,,93.25,0.0,0.0
758,758.0,720.0,473.5,0,,93.375,0.0,0.0
759,759.0,720.0,473.5,0,,93.5,0.0,0.0
760,760.0,720.0,473.5,0,,93.625,0.0,0.0
761,761.0,720.0,473.5,0,,93.75,0.0,0.0
762,762.0,720.0,473.5,0,,93.875,0.0,0.0
763,763.0,720.0,473.5,0,,94.0,0.0,0.0
764,764.0,720.0,473.5,0,,94.125,0.0,0.0
765,765.0,720.0,473.5,0,,94.25,0.0,0.0
766,766.0,720.0,473.5,0,,94.375,0.0,0.0
767,767.0,720.0,473.5,0,,94.5,0.0,0.0
768,768.0,720.0,473.5,0,,94.625,0.0,0.0
769,769.0,720.0,473.5,0,,94.75,0.0,0.0
770,770.0,720.0,473.5,0,,94.875,0.0,0.0
771,771.0,720.0,473.5,0,,95.0,0.0,0.0
772,772.0,720.0,473.5,0,,95.125,0.0,0.0
773,773.0,720.0,473.5,0,,95.25,0.0,0.0
774,774.0,720.0,473.5,0,,95.375,0.0,0.0
775,775.0,720.0,473.5,0,,95.5,0.0,0.0
776,776.0,720.0,473.5,0,,95.625,0.0,0.0
777,777.0,720.0,473.5,0,,95.75,0.0,0.0
778,778.0,720.0,473.5,0,,95.875,0.0,0.0
779,779.0,720.0,473.5,0,,96.0,0.0,0.0
780,780.0,720.0,473.5,0,,96.125,0.0,0.0
781,781.0,720.0,473.5,0,,96.25,0.0,0.0
782,782.0,720.0,473.5,0,,96.375,0.0,0.0
783,783.0,720.0,473.5,0,,96.5,0.0,0.0
784,784.0,720.0,473.5,0,,96.625,0.0,0.0
785,785.0,702.5,531.5,1.0,3.1622776985168457,96.75,60.58258825768341,0.0
786,786.0,702.5,531.5,0,,96.875,0.0,0.0
787,787.0,702.5,531.5,0,,97.0,0.0,0.0
788,788.0,702.5,531.5,0,,97.125,0.0,0.0
789,789.0,702.5,531.5,0,,97.25,0.0,0.0
790,790.0,702.5,531.5,0,,97.375,0.0,0.0
791,791.0,702.5,531.5,0,,97.5,0.0,0.0
792,792.0,697.5,531.5,1.0,3.1622776985168457,97.625,5.0,0.0
793,793.0,697.78,537.63,1.0,3.6131675243377686,97.75,6.1363914477484185,-1.3999999999998636
794,794.0,697.37,531.78,1.0,3.6131675243377686,97.875,5.864349921346802,-35.9753000000001
795,795.0,697.37,531.78,0,,98.0,0.0,0.0
796,796.0,697.19,531.81,1.0,3.6345863342285156,98.125,0.18248287590889276,0.0
797,797.0,697.5,531.5,1.0,3.1622776985168457,98.25,0.4384062043355823,-0.06509999999996458
798,798.0,697.5,531.5,0,,98.375,0.0,0.0
799,799.0,697.5,531.5,0,,98.5,0.0,0.0
800,800.0,697.5,531.5,0,,98.625,0.0,0.0
801,801.0,697.5,531.5,0,,98.75,0.0,0.0
802,802.0,697.5,531.5,0,,98.875,0.0,0.0
803,803.0,689.1,530.4,1.0,4.0850114822387695,99.0,8.471717653463179,0.0
804,804.0,689.1,530.4,0,,99.125,0.0,0.0
805,805.0,689.1,530.4,0,,99.25,0.0,0.0
806,806.0,767.0,489.5,1.0,3.605551242828369,99.375,87.98420312760692,0.0
807,807.0,688.37,530.22,1.0,3.6131675243377686,99.5,88.54826536979706,-7790.7249999999985
808,808.0,688.37,530.22,0,,99.625,0.0,0.0
809,809.0,688.37,530.22,0,,99.75,0.0,0.0
810,810.0,688.37,530.22,0,,99.875,0.0,0.0
811,811.0,688.37,530.22,0,,100.0,0.0,0.0
812,812.0,688.37,530.22,0,,100.125,0.0,0.0
813,813.0,688.37,530.22,0,,100.25,0.0,0.0
814,814.0,688.81,529.81,1.0,3.6345863342285156,100.375,0.6014149981502084,0.0
815,815.0,767.0,489.5,1.0,3.605551242828369,100.5,87.96915482144865,50.93069999999868
816,816.0,767.0,489.5,0,,100.625,0.0,0.0
817,817.0,767.0,489.5,0,,100.75,0.0,0.0
818,818.0,767.0,489.5,0,,100.875,0.0,0.0
819,819.0,767.0,489.5,0,,101.0,0.0,0.0
820,820.0,767.0,489.5,0,,101.125,0.0,0.0
821,821.0,767.0,489.5,0,,101.25,0.0,0.0
822,822.0,767.0,489.5,0,,101.375,0.0,0.0
823,823.0,767.0,489.5,0,,101.5,0.0,0.0
824,824.0,767.0,489.5,0,,101.625,0.0,0.0
825,825.0,767.0,489.5,0,,101.75,0.0,0.0
826,826.0,767.0,489.5,0,,101.875,0.0,0.0
827,827.0,767.0,489.5,0,,102.0,0.0,0.0
828,828.0,767.0,489.5,0,,102.125,0.0,0.0
829,829.0,767.0,489.5,0,,102.25,0.0,0.0
830,830.0,767.0,489.5,0,,102.375,0.0,0.0
831,831.0,767.0,489.5,0,,102.5,0.0,0.0
832,832.0,767.0,489.5,0,,102.625,0.0,0.0
833,833.0,767.0,489.5,0,,102.75,0.0,0.0
834,834.0,767.0,489.5,0,,102.875,0.0,0.0
835,835.0,767.0,489.5,0,,103.0,0.0,0.0
836,836.0,767.0,489.5,0,,103.125,0.0,0.0
837,837.0,767.0,489.5,0,,103.25,0.0,0.0
838,838.0,767.0,489.5,0,,103.375,0.0,0.0
839,839.0,767.0,489.5,0,,103.5,0.0,0.0
840,840.0,685.37,528.22,1.0,3.6131675243377686,103.625,90.34763582961095,0.0
841,841.0,685.37,528.22,0,,103.75,0.0,0.0
842,842.0,685.37,528.22,0,,103.875,0.0,0.0
843,843.0,685.37,528.22,0,,104.0,0.0,0.0
844,844.0,685.37,528.22,0,,104.125,0.0,0.0
845,845.0,685.37,528.22,0,,104.25,0.0,0.0
846,846.0,685.37,528.22,0,,104.375,0.0,0.0
847,847.0,685.37,528.22,0,,104.5,0.0,0.0
848,848.0,685.37,528.22,0,,104.625,0.0,0.0
849,849.0,685.37,528.22,0,,104.75,0.0,0.0
850,850.0,685.37,528.22,0,,104.875,0.0,0.0
851,851.0,685.37,528.22,0,,105.0,0.0,0.0
852,852.0,685.37,528.22,0,,105.125,0.0,0.0
853,853.0,685.37,528.22,0,,105.25,0.0,0.0
854,854.0,685.37,528.22,0,,105.375,0.0,0.0
855,855.0,685.37,528.22,0,,105.5,0.0,0.0
856,856.0,685.37,528.22,0,,105.625,0.0,0.0
857,857.0,685.37,528.22,0,,105.75,0.0,0.0
858,858.0,680.52,518.13,1.0,5.678677558898926,105.875,11.195115006108729,0.0
859,859.0,680.07,517.88,1.0,6.140096664428711,106.0,0.5147815070492904,4.704999999999687
860,860.0,678.83,516.68,1.0,5.821104526519775,106.125,1.7255723688098774,0.8579999999999309
861,861.0,678.83,516.68,0,,106.25,0.0,0.0
862,862.0,677.74,516.35,1.0,6.2181715965271,106.375,1.1388590782006445,0.0
863,863.0,677.45,516.75,1.0,6.198043346405029,106.5,0.4940647730813853,0.18410000000000618
864,864.0,675.5,516.84,1.0,5.385044574737549,106.625,1.9520758181997397,0.601499999999953
865,865.0,674.52,516.89,1.0,5.234511375427246,106.75,0.981274681218277,1.9155000000000775
866,866.0,674.35,517.0,1.0,5.1094512939453125,106.875,0.2024845673131389,0.17209999999995865
867,867.0,674.65,517.0,1.0,5.1094512939453125,107.0,0.2999999999999545,-0.05099999999997999
868,868.0,674.52,516.89,1.0,5.234511375427246,107.125,0.17029386365926935,-0.03899999999999272
869,869.0,674.5,516.78,1.0,5.358005046844482,107.25,0.11180339887499965,0.014700000000000546
870,870.0,674.52,516.89,1.0,5.234511375427246,107.375,0.11180339887499965,-0.012500000000002273
871,871.0,674.52,516.89,1.0,5.234511375427246,107.5,0.0,-0.0
872,872.0,674.64,516.7,1.0,5.455916404724121,107.625,0.22472205054239477,0.0
873,873.0,674.76,516.72,1.0,5.645675182342529,107.75,0.12165525060596588,0.01060000000000573
874,874.0,674.63,516.84,1.0,5.117053508758545,107.875,0.1769180601295411,-0.013200000000002137
875,875.0,674.65,516.72,1.0,5.329564571380615,108.0,0.12165525060596588,-0.016999999999998634
876,876.0,674.9,516.7,1.0,5.414120674133301,108.125,0.2507987240796876,0.007399999999993361
877,877.0,674.9,516.7,1.0,5.414120674133301,108.25,0.0,0.0
878,878.0,674.52,516.89,1.0,5.234511375427246,108.375,0.4248529157249295,0.0
879,879.0,674.67,516.88,1.0,5.101672172546387,108.5,0.15033296378370578,-0.05889999999998836
880,880.0,674.9,516.7,1.0,5.414120674133301,108.625,0.29206163733018814,0.036299999999995364
881,881.0,674.9,516.7,1.0,5.414120674133301,108.75,0.0,0.0
882,882.0,672.5,517.5,1.0,3.1622776985168457,108.875,2.5298221281346676,0.0
883,883.0,672.5,517.5,0,,109.0,0.0,0.0
884,884.0,668.33,522.0,1.0,3.971238136291504,109.125,6.135055011978268,0.0
885,885.0,672.85,523.15,1.0,4.303342342376709,109.25,4.664000428816424,-13.673399999999841
886,886.0,672.63,522.78,1.0,3.6131675243377686,109.375,0.4304648650006355,-1.419900000000116
887,887.0,767.0,489.5,1.0,3.605551242828369,109.5,100.0662545516719,-8.447800000002436
888,888.0,674.19,524.19,1.0,3.6345863342285156,109.625,99.08124040402397,-9912.962899999995
889,889.0,674.14,523.69,1.0,4.315976142883301,109.75,0.5024937810560514,-12.7044999999937
890,890.0,674.19,524.0,1.0,3.1094911098480225,109.875,0.31400636936210863,-0.15749999999997955
891,891.0,674.19,524.0,1.0,3.1094911098480225,110.0,0.0,-0.0
892,892.0,674.67,524.55,1.0,3.7268433570861816,110.125,0.729999999999903,-0.0
893,893.0,674.67,524.55,0,,110.25,0.0,-0.0
894,894.0,674.5,524.5,1.0,3.1622776985168457,110.375,0.17720045146664143,0.0
895,895.0,674.5,524.5,0,,110.5,0.0,0.0
896,896.0,674.5,524.5,0,,110.625,0.0,0.0
897,897.0,675.63,524.78,1.0,3.6131675243377686,110.75,1.1641735265844066,-0.0
898,898.0,675.63,524.78,0,,110.875,0.0,-0.0
899,899.0,675.63,524.78,0,,111.0,0.0,0.0
900,900.0,682.81,529.0,1.0,3.1094911098480225,111.125,8.328313154534927,-0.0
901,901.0,683.5,529.5,1.0,4.242640495300293,111.25,0.8521150157109516,7.064200000000371
902,902.0,686.5,531.5,1.0,3.1622776985168457,111.375,3.605551275463989,3.0700000000001637
903,903.0,686.5,531.5,0,,111.5,0.0,-0.0
904,904.0,686.5,531.5,0,,111.625,0.0,0.0
905,905.0,686.5,531.5,0,,111.75,0.0,0.0
906,906.0,686.5,531.5,0,,111.875,0.0,0.0
907,907.0,689.72,531.59,1.0,3.7962162494659424,112.0,3.2212575184235397,-0.0
908,908.0,690.0,531.5,1.0,3.605551242828369,112.125,0.2941088233970386,0.893499999999914
909,909.0,689.85,531.63,1.0,3.727257013320923,112.25,0.19849433241277192,-0.05369999999999327
910,910.0,689.75,531.73,1.0,4.277985095977783,112.375,0.14142135623734164,0.02800000000000364
911,911.0,689.75,531.73,0,,112.5,0.0,0.0
912,912.0,689.75,531.73,0,,112.625,0.0,0.0
913,913.0,694.0,533.19,1.0,3.1094911098480225,112.75,4.493784596528866,-0.0
914,914.0,698.5,533.5,1.0,3.1622776985168457,112.875,4.510665139422341,19.577599999999933
915,915.0,699.0,533.5,1.0,3.605551242828369,113.0,0.5,2.25
916,916.0,699.0,533.5,1.0,3.605551242828369,113.125,0.0,0.0
917,917.0,701.0,533.5,1.0,3.605551242828369,113.25,2.0,0.0
918,918.0,700.72,533.59,1.0,3.7962162494659424,113.375,0.2941088233970386,-0.5599999999999454
919,919.0,701.28,533.59,1.0,3.7962162494659424,113.5,0.5599999999999454,-0.15679999999996944
920,920.0,699.72,533.59,1.0,3.7962162494659424,113.625,1.5599999999999454,-0.8735999999998844
921,921.0,701.5,533.5,2.0,3.1622776985168457,113.75,1.782273828568413,-2.7767999999998603
922,922.0,701.0,533.19,1.0,3.1094911098480225,113.875,0.5883026432032803,-0.8620999999999814
923,923.0,701.28,533.59,1.0,3.7962162494659424,114.0,0.48826222462931385,-0.2639999999999575
924,924.0,701.28,533.59,1.0,3.7962162494659424,114.125,0.0,-0.0
925,925.0,701.28,533.59,0,,114.25,0.0,0.0
926,926.0,701.5,533.5,1.0,3.1622776985168457,114.375,0.23769728648013155,0.0
927,927.0,701.28,533.59,1.0,3.7962162494659424,114.5,0.23769728648013155,-0.05650000000001773
928,928.0,701.78,533.63,1.0,3.6131675243377686,114.625,0.5015974481593752,-0.10640000000001565
929,929.0,701.28,533.59,1.0,3.7962162494659424,114.75,0.5015974481593752,-0.2515999999999971
930,930.0,701.5,533.72,1.0,3.576000213623047,114.875,0.2555386467836339,-0.11520000000000873
931,931.0,700.78,533.63,1.0,3.6131675243377686,115.0,0.7256031973469005,-0.1701000000000294
932,932.0,701.0,533.5,1.0,3.605551242828369,115.125,0.2555386467836339,-0.14670000000002192
933,933.0,701.0,533.5,1.0,3.605551242828369,115.25,0.0,0.0
934,934.0,700.78,533.37,1.0,3.6131675243377686,115.375,0.2555386467836339,0.0
935,935.0,701.0,533.5,1.0,3.605551242828369,115.5,0.2555386467836339,-0.06530000000001082
936,936.0,701.78,533.63,1.0,3.6131675243377686,115.625,0.7907591289387409,0.1885000000000141
937,937.0,701.0,533.5,1.0,3.605551242828369,115.75,0.7907591289387409,-0.6252999999999562
938,938.0,701.5,533.5,1.0,3.1622776985168457,115.875,0.5,-0.38999999999998636
939,939.0,701.5,533.5,1.0,3.1622776985168457,116.0,0.0,0.0
940,940.0,701.5,533.5,0,,116.125,0.0,0.0
941,941.0,701.5,533.7166748046875,2.0,3.576000213623047,116.25,0.2166748046875,0.0
942,942.0,701.5,533.5,1.0,3.1622776985168457,116.375,0.2166748046875,-0.04694797098636627
943,943.0,701.5,533.5,0,,116.5,0.0,0.0
944,944.0,701.5,533.5,0,,116.625,0.0,0.0
945,945.0,701.5,533.5,0,,116.75,0.0,0.0
946,946.0,701.5,533.5,0,,116.875,0.0,0.0
947,947.0,701.5,533.5,0,,117.0,0.0,0.0
948,948.0,701.5,533.5,0,,117.125,0.0,0.0
949,949.0,732.5,486.5,1.0,3.1622776985168457,117.25,56.302753041036986,0.0
950,950.0,732.5,486.5,0,,117.375,0.0,0.0
951,951.0,732.5,486.5,0,,117.5,0.0,0.0
952,952.0,732.5,486.5,0,,117.625,0.0,0.0
953,953.0,704.78,533.37,1.0,3.6131675243377686,117.75,54.45360685941751,0.0
954,954.0,705.0,533.5,1.0,3.605551242828369,117.875,0.2555386467836339,-0.005300000000975302
955,955.0,706.0,533.5,1.0,3.605551242828369,118.0,1.0,0.22000000000002728
956,956.0,706.0,533.5,0,,118.125,0.0,0.0
957,957.0,706.0,533.5,0,,118.25,0.0,0.0
958,958.0,706.0,533.5,0,,118.375,0.0,0.0
959,959.0,706.0,533.5,0,,118.5,0.0,0.0
960,960.0,706.0,533.5,0,,118.625,0.0,0.0
961,961.0,709.78,532.37,1.0,3.6131675243377686,118.75,3.9452883291338523,0.0
962,962.0,713.5,531.5,1.0,4.242640495300293,118.875,3.820379562294853,15.044700000000002
963,963.0,713.5,531.5,1.0,4.242640495300293,119.0,0.0,0.0
964,964.0,713.23,531.57,1.0,4.545217514038086,119.125,0.278926513619622,0.0
965,965.0,713.5,531.5,1.0,4.242640495300293,119.25,0.278926513619622,-0.07779999999999718
966,966.0,713.5,531.5,1.0,4.242640495300293,119.375,0.0,0.0
967,967.0,714.78,531.37,1.0,3.6131675243377686,119.5,1.286584626054551,0.0
968,968.0,714.78,531.37,0,,119.625,0.0,0.0
969,969.0,720.5,529.5,1.0,3.1622776985168457,119.75,6.017914921299597,0.0
970,970.0,720.5,529.5,0,,119.875,0.0,0.0
971,971.0,720.5,529.5,0,,120.0,0.0,0.0
972,972.0,732.5,521.5,1.0,3.1622776985168457,120.125,14.422205101855956,0.0
973,973.0,732.5,521.5,0,,120.25,0.0,0.0
974,974.0,732.5,521.5,0,,120.375,0.0,0.0
975,975.0,735.0,519.0,1.0,3.4142136573791504,120.5,3.5355339059327378,0.0
976,976.0,735.0,519.0,0,,120.625,0.0,0.0
977,977.0,734.5,519.28,1.0,3.576000213623047,120.75,0.5730619512757628,0.0
978,978.0,734.5,519.28,0,,120.875,0.0,0.0
979,979.0,734.0,519.5,1.0,3.3027756214141846,121.0,0.5462600113499175,0.0
980,980.0,734.0,519.5,0,,121.125,0.0,0.0
981,981.0,735.0,519.0,1.0,3.4142136573791504,121.25,1.118033988749895,0.0
982,982.0,734.81,519.0,1.0,3.1094911098480225,121.375,0.19000000000005457,-0.19000000000005457
983,983.0,734.81,519.0,0,,121.5,0.0,0.0
984,984.0,734.63,519.22,1.0,3.6131675243377686,121.625,0.28425340807102734,0.0
985,985.0,734.63,519.22,0,,121.75,0.0,0.0
986,986.0,734.63,519.22,0,,121.875,0.0,0.0
987,987.0,734.5,519.5,1.0,3.1622776985168457,122.0,0.30870698080863596,0.0
988,988.0,734.5,519.0,1.0,3.3027756214141846,122.125,0.5,-0.13999999999998636
989,989.0,734.5,519.0,0,,122.25,0.0,0.0
990,990.0,734.5,519.0,0,,122.375,0.0,0.0
991,991.0,734.5,519.0,0,,122.5,0.0,0.0
992,992.0,744.19,505.0,1.0,3.1094911098480225,122.625,17.026335483597197,0.0
