,frame,x,y,blobs,blob_size,sec,distance,dot_product
0,0,560.5,264.5,0,,-1.625,,
1,1.0,560.5,264.5,1.0,4.242640495300293,-1.5,0.0,
2,2.0,560.5,264.5,0,,-1.375,0.0,0.0
3,3.0,560.5,264.5,0,,-1.25,0.0,0.0
4,4.0,560.5,264.5,0,,-1.125,0.0,0.0
5,5.0,560.5,264.5,0,,-1.0,0.0,0.0
6,6.0,560.5,264.5,0,,-0.875,0.0,0.0
7,7.0,560.5,264.5,0,,-0.75,0.0,0.0
8,8.0,560.5,264.5,0,,-0.625,0.0,0.0
9,9.0,560.5,264.5,0,,-0.5,0.0,0.0
10,10.0,560.5,264.5,0,,-0.375,0.0,0.0
11,11.0,560.5,264.5,0,,-0.25,0.0,0.0
12,12.0,573.31,263.86,1.0,4.315976142883301,-0.125,12.825977545590769,0.0
13,13.0,573.31,263.86,0,,0.0,0.0,0.0
14,14.0,573.31,263.86,0,,0.125,0.0,0.0
15,15.0,573.31,263.86,0,,0.25,0.0,0.0
16,16.0,580.85,261.0,1.0,4.011234283447266,0.375,8.064192458020905,0.0
17,17.0,580.85,261.0,0,,0.5,0.0,0.0
18,18.0,580.85,261.0,0,,0.625,0.0,0.0
19,19.0,580.85,261.0,0,,0.75,0.0,0.0
20,20.0,580.85,261.0,0,,0.875,0.0,0.0
21,21.0,580.85,261.0,0,,1.0,0.0,0.0
22,22.0,580.85,261.0,0,,1.125,0.0,0.0
23,23.0,580.85,261.0,0,,1.25,0.0,0.0
24,24.0,580.85,261.0,0,,1.375,0.0,0.0
25,25.0,580.85,261.0,0,,1.5,0.0,0.0
26,26.0,580.85,261.0,0,,1.625,0.0,0.0
27,27.0,587.67,258.0,1.0,3.971238136291504,1.75,7.450664399904154,0.0
28,28.0,587.67,258.0,0,,1.875,0.0,0.0
29,29.0,587.67,258.0,0,,2.0,0.0,0.0
30,30.0,593.0,253.81,1.0,3.1094911098480225,2.125,6.779749257900355,0.0
31,31.0,593.0,253.81,0,,2.25,0.0,0.0
32,32.0,592.84,253.71,1.0,3.945650577545166,2.375,0.18867962264110208,0.0
33,33.0,592.84,253.71,0,,2.5,0.0,0.0
34,34.0,601.26,240.9,1.0,4.332986354827881,2.625,15.329465091776665,0.0
35,35.0,605.0,235.19,1.0,3.1094911098480225,2.75,6.825811307090181,104.63590000000003
36,36.0,605.0,235.19,0,,2.875,0.0,0.0
37,37.0,605.0,235.19,0,,3.0,0.0,0.0
38,38.0,605.0,235.19,0,,3.125,0.0,0.0
39,39.0,605.0,235.19,0,,3.25,0.0,0.0
40,40.0,605.0,235.19,0,,3.375,0.0,0.0
41,41.0,605.0,235.19,0,,3.5,0.0,0.0
42,42.0,605.0,235.19,0,,3.625,0.0,0.0
43,43.0,605.0,235.19,0,,3.75,0.0,0.0
44,44.0,605.0,235.19,0,,3.875,0.0,0.0
45,45.0,605.0,235.19,0,,4.0,0.0,0.0
46,46.0,605.0,235.19,0,,4.125,0.0,0.0
47,47.0,605.0,235.19,0,,4.25,0.0,0.0
48,48.0,605.0,235.19,0,,4.375,0.0,0.0
49,49.0,605.0,235.19,0,,4.5,0.0,0.0
50,50.0,605.0,235.19,0,,4.625,0.0,0.0
51,51.0,605.0,235.19,0,,4.75,0.0,0.0
52,52.0,605.0,235.19,0,,4.875,0.0,0.0
53,53.0,605.0,235.19,0,,5.0,0.0,0.0
54,54.0,605.0,235.19,0,,5.125,0.0,0.0
55,55.0,605.0,235.19,0,,5.25,0.0,0.0
56,56.0,605.0,235.19,0,,5.375,0.0,0.0
57,57.0,605.0,235.19,0,,5.5,0.0,0.0
58,58.0,605.0,235.19,0,,5.625,0.0,0.0
59,59.0,605.0,235.19,0,,5.75,0.0,0.0
60,60.0,605.0,235.19,0,,5.875,0.0,0.0
61,61.0,605.0,235.19,0,,6.0,0.0,0.0
62,62.0,605.0,235.19,0,,6.125,0.0,0.0
63,63.0,605.0,235.19,0,,6.25,0.0,0.0
64,64.0,605.0,235.19,0,,6.375,0.0,0.0
65,65.0,605.0,235.19,0,,6.5,0.0,0.0
66,66.0,605.0,235.19,0,,6.625,0.0,0.0
67,67.0,605.0,235.19,0,,6.75,0.0,0.0
68,68.0,605.0,235.19,0,,6.875,0.0,0.0
69,69.0,605.0,235.19,0,,7.0,0.0,0.0
70,70.0,605.0,235.19,0,,7.125,0.0,0.0
71,71.0,605.0,235.19,0,,7.25,0.0,0.0
72,72.0,605.0,235.19,0,,7.375,0.0,0.0
73,73.0,605.0,235.19,0,,7.5,0.0,0.0
74,74.0,605.0,235.19,0,,7.625,0.0,0.0
75,75.0,605.0,235.19,0,,7.75,0.0,0.0
76,76.0,605.0,235.19,0,,7.875,0.0,0.0
77,77.0,605.0,235.19,0,,8.0,0.0,0.0
78,78.0,605.0,235.19,0,,8.125,0.0,0.0
79,79.0,605.0,235.19,0,,8.25,0.0,0.0
80,80.0,605.0,235.19,0,,8.375,0.0,0.0
81,81.0,605.0,235.19,0,,8.5,0.0,0.0
82,82.0,605.0,235.19,0,,8.625,0.0,0.0
83,83.0,605.0,235.19,0,,8.75,0.0,0.0
84,84.0,605.0,235.19,0,,8.875,0.0,0.0
85,85.0,605.0,235.19,0,,9.0,0.0,0.0
86,86.0,605.0,235.19,0,,9.125,0.0,0.0
87,87.0,605.0,235.19,0,,9.25,0.0,0.0
88,88.0,605.0,235.19,0,,9.375,0.0,0.0
89,89.0,605.0,235.19,0,,9.5,0.0,0.0
90,90.0,605.0,235.19,0,,9.625,0.0,0.0
91,91.0,605.0,235.19,0,,9.75,0.0,0.0
92,92.0,605.0,235.19,0,,9.875,0.0,0.0
93,93.0,605.0,235.19,0,,10.0,0.0,0.0
94,94.0,604.3,205.21,1.0,3.849656343460083,10.125,29.988171001246464,0.0
95,95.0,603.25,200.73,1.0,4.277985095977783,10.25,4.60140196027255,135.0454000000005
96,96.0,603.25,200.73,0,,10.375,0.0,0.0
97,97.0,602.97,200.57,1.0,4.87321138381958,10.5,0.32249030993191663,0.0
98,98.0,602.63,201.0,1.0,4.130928993225098,10.625,0.5481788029466549,0.026400000000000007
99,99.0,602.63,201.0,0,,10.75,0.0,0.0
100,100.0,603.15,200.85,1.0,4.4892377853393555,10.875,0.5412023651093765,0.0
101,101.0,603.16,201.0,1.0,4.341928958892822,11.0,0.15033296378373415,-0.017300000000006616
102,102.0,602.9,200.93,1.0,4.403299808502197,11.125,0.26925824035671464,-0.01309999999999692
103,103.0,603.28,200.5,1.0,3.576000213623047,11.25,0.5738466694161449,-0.06869999999999782
104,104.0,603.28,200.5,0,,11.375,0.0,0.0
105,105.0,600.0,196.84,1.0,4.341928958892822,11.5,4.914671911735288,0.0
106,106.0,600.0,196.84,0,,11.625,0.0,0.0
107,107.0,591.44,186.75,1.0,4.002221584320068,11.75,13.231844164741329,0.0
108,108.0,586.15,184.15,1.0,4.303342342376709,11.875,5.894412608564215,71.51640000000032
109,109.0,586.37,184.22,1.0,3.6131675243377686,12.0,0.23086792761232783,-1.3458000000001433
110,110.0,586.5,184.0,1.0,3.605551242828369,12.125,0.25553864678360944,0.013200000000004127
111,111.0,586.33,184.0,1.0,3.971238136291504,12.25,0.16999999999995907,-0.022099999999993906
112,112.0,586.84,184.29,1.0,3.945650577545166,12.375,0.5866856057548934,-0.08669999999997759
113,113.0,586.37,184.22,1.0,3.6131675243377686,12.5,0.47518417482069486,-0.2600000000000071
114,114.0,586.37,184.22,0,,12.625,0.0,0.0
115,115.0,586.37,184.22,0,,12.75,0.0,0.0
116,116.0,566.22,178.37,1.0,3.6131675243377686,12.875,20.98201610903964,0.0
117,117.0,566.22,178.37,0,,13.0,0.0,0.0
118,118.0,566.22,178.37,0,,13.125,0.0,0.0
119,119.0,566.22,178.37,0,,13.25,0.0,0.0
120,120.0,566.22,178.37,0,,13.375,0.0,0.0
121,121.0,566.22,178.37,0,,13.5,0.0,0.0
122,122.0,566.22,178.37,0,,13.625,0.0,0.0
123,123.0,566.22,178.37,0,,13.75,0.0,0.0
124,124.0,538.5,186.5,1.0,3.1622776985168457,13.875,28.88763230173081,0.0
125,125.0,538.5,186.5,0,,14.0,0.0,0.0
126,126.0,538.5,186.5,0,,14.125,0.0,0.0
127,127.0,530.78,192.37,1.0,3.6131675243377686,14.25,9.698211175263223,0.0
128,128.0,530.5,192.5,1.0,3.1622776985168457,14.375,0.30870698080863596,2.924699999999771
129,129.0,526.5,194.5,1.0,3.1622776985168457,14.5,4.47213595499958,1.3799999999998818
130,130.0,526.5,194.5,0,,14.625,0.0,0.0
131,131.0,523.81,200.19,1.0,3.6345863342285156,14.75,6.293822368005015,0.0
132,132.0,523.81,200.19,0,,14.875,0.0,0.0
133,133.0,523.81,200.19,0,,15.0,0.0,0.0
134,134.0,523.81,200.19,0,,15.125,0.0,0.0
135,135.0,523.81,200.19,0,,15.25,0.0,0.0
136,136.0,519.19,220.81,1.0,3.6345863342285156,15.375,21.131228076001623,0.0
137,137.0,519.37,221.22,1.0,3.6131675243377686,15.5,0.447772263544739,7.6226000000001815
138,138.0,519.37,221.22,0,,15.625,0.0,-0.0
139,139.0,518.5,221.0,1.0,3.605551242828369,15.75,0.8973850901368974,0.0
140,140.0,518.63,221.22,1.0,3.6131675243377686,15.875,0.25553864678360944,-0.16149999999999615
141,141.0,518.85,221.0,1.0,4.011234283447266,16.0,0.3111269837220994,-0.019799999999996952
142,142.0,518.85,221.0,0,,16.125,0.0,0.0
143,143.0,519.5,221.0,1.0,3.605551242828369,16.25,0.6499999999999773,0.0
144,144.0,518.63,221.22,1.0,3.6131675243377686,16.375,0.8973850901368974,-0.5654999999999831
145,145.0,518.5,221.0,1.0,3.605551242828369,16.5,0.25553864678360944,0.06469999999999713
146,146.0,519.0,221.0,1.0,4.0,16.625,0.5,-0.06499999999999773
147,147.0,519.5,221.0,1.0,3.605551242828369,16.75,0.5,0.25
148,148.0,519.5,221.0,0,,16.875,0.0,0.0
149,149.0,518.72,221.5,1.0,3.576000213623047,17.0,0.9264987857520146,0.0
150,150.0,518.72,221.5,0,,17.125,0.0,0.0
151,151.0,518.72,221.5,0,,17.25,0.0,0.0
152,152.0,519.0,221.5,1.0,3.3027756214141846,17.375,0.2799999999999727,0.0
153,153.0,575.0,249.5,1.0,3.605551242828369,17.5,62.609903369994115,15.679999999998472
154,154.0,519.0,220.67,1.0,3.971238136291504,17.625,62.98546578378222,-3943.2400000000002
155,155.0,519.0,220.67,0,,17.75,0.0,0.0
156,156.0,519.0,220.67,0,,17.875,0.0,0.0
157,157.0,519.37,220.78,1.0,3.6131675243377686,18.0,0.38600518131238387,-0.0
158,158.0,519.37,220.78,1.0,3.6131675243377686,18.125,0.0,-0.0
159,159.0,518.67,221.0,1.0,3.971238136291504,18.25,0.7337574531138087,0.0
160,160.0,519.37,221.22,1.0,3.6131675243377686,18.375,0.7337574531138087,-0.44160000000006416
161,161.0,518.7,221.79,1.0,3.849656343460083,18.5,0.8796590248499343,-0.34360000000000396
162,162.0,518.59,221.28,1.0,3.7962162494659424,18.625,0.5217278984298173,-0.2169999999999867
163,163.0,518.41,221.28,1.0,3.7962162494659424,18.75,0.18000000000006366,0.01980000000000946
164,164.0,518.5,221.0,1.0,3.605551242828369,18.875,0.2941088233970657,-0.01620000000001146
165,165.0,518.5,221.0,0,,19.0,0.0,0.0
166,166.0,519.03,221.25,1.0,4.0848774909973145,19.125,0.5860034129593198,-0.0
167,167.0,519.37,221.22,1.0,3.6131675243377686,19.25,0.3413209633175521,0.17270000000000732
168,168.0,519.37,221.22,0,,19.375,0.0,0.0
169,169.0,519.03,221.25,1.0,4.0848774909973145,19.5,0.3413209633175521,0.0
170,170.0,519.37,220.78,1.0,3.6131675243377686,19.625,0.5800862004909447,-0.12970000000002213
171,171.0,518.63,221.22,1.0,3.6131675243377686,19.75,0.860929730001242,-0.45840000000002507
172,172.0,518.81,221.0,1.0,3.1094911098480225,19.875,0.28425340807100535,-0.22999999999996362
173,173.0,520.0,223.0,1.0,4.4721360206604,20.0,2.3272515979154744,-0.22580000000004743
174,174.0,519.71,223.29,1.0,4.610671520233154,20.125,0.4101219330881662,0.23490000000001154
175,175.0,520.15,223.15,1.0,4.303342342376709,20.25,0.46173585522454735,-0.16819999999996177
176,176.0,520.0,223.0,1.0,4.4721360206604,20.375,0.2121320343559522,-0.04499999999998238
177,177.0,520.0,223.0,1.0,4.4721360206604,20.5,0.0,0.0
178,178.0,519.85,223.15,1.0,4.303342342376709,20.625,0.2121320343559522,0.0
179,179.0,520.15,223.55,1.0,3.864551067352295,20.75,0.4999999999999773,0.01500000000001677
180,180.0,520.0,223.16,1.0,4.341928958892822,20.875,0.4178516483155292,-0.2009999999999945
181,181.0,520.14,223.31,1.0,4.315976142883301,21.0,0.20518284528682676,-0.0794999999999992
182,182.0,520.14,223.31,1.0,4.315976142883301,21.125,0.0,-0.0
183,183.0,520.14,223.31,0,,21.25,0.0,0.0
184,184.0,520.31,225.42,1.0,4.416510105133057,21.375,2.1168372634664014,-0.0
185,185.0,520.85,225.25,1.0,4.323126316070557,21.5,0.5661271941887964,-0.26689999999998004
186,186.0,520.56,225.25,1.0,4.002221584320068,21.625,0.2900000000000773,-0.15660000000006416
187,187.0,521.15,227.15,1.0,4.303342342376709,21.75,1.9894974239742205,-0.17110000000005485
188,188.0,521.5,227.5,1.0,3.1622776985168457,21.875,0.49497474683059534,0.8715000000000157
189,189.0,521.37,227.22,1.0,3.6131675243377686,22.0,0.30870698080866177,-0.14350000000000018
190,190.0,521.33,227.0,1.0,3.971238136291504,22.125,0.22360679774997133,0.06679999999999502
191,191.0,521.33,227.0,1.0,3.971238136291504,22.25,0.0,0.0
192,192.0,521.0,226.81,1.0,3.1094911098480225,22.375,0.38078865529322975,0.0
193,193.0,521.22,227.37,1.0,3.6131675243377686,22.5,0.601664358259665,-0.17900000000001717
194,194.0,521.22,227.37,1.0,3.6131675243377686,22.625,0.0,-0.0
195,195.0,521.5,227.28,1.0,3.576000213623047,22.75,0.29410882339702993,0.0
196,196.0,521.5,227.5,1.0,3.1622776985168457,22.875,0.21999999999999886,-0.019800000000000647
197,197.0,522.0,227.5,1.0,4.123105525970459,23.0,0.5,-0.0
198,198.0,522.0,227.67,1.0,3.971238136291504,23.125,0.1699999999999875,-0.0
199,199.0,521.5,228.0,1.0,3.605551242828369,23.25,0.5990826320300132,0.056099999999998
200,200.0,521.85,227.63,1.0,3.727257013320923,23.375,0.5093132631298927,-0.2971000000000175
201,201.0,522.0,227.33,1.0,3.971238136291504,23.5,0.33541019662494304,0.16349999999999051
202,202.0,521.72,227.5,1.0,3.576000213623047,23.625,0.3275667870831542,-0.09299999999998289
203,203.0,521.5,227.5,1.0,3.1622776985168457,23.75,0.22000000000002728,0.06160000000000164
204,204.0,521.67,227.0,1.0,3.971238136291504,23.875,0.5281098370604226,-0.03739999999999563
205,205.0,521.63,227.78,1.0,3.6131675243377686,24.0,0.7810249675906648,-0.39679999999999277
206,206.0,522.0,227.67,1.0,3.971238136291504,24.125,0.38600518131238387,-0.1005999999999975
207,207.0,522.19,227.81,1.0,3.6345863342285156,24.25,0.2360084744241716,0.05490000000001752
208,208.0,521.85,227.63,1.0,3.727257013320923,24.375,0.3847076812334582,-0.08980000000002822
209,209.0,521.85,227.63,0,,24.5,0.0,0.0
210,210.0,521.78,227.63,1.0,3.6131675243377686,24.625,0.07000000000005002,0.0
211,211.0,521.85,227.85,1.0,4.303342342376709,24.75,0.230867927612318,-0.004900000000007003
212,212.0,521.85,227.37,1.0,3.727257013320923,24.875,0.47999999999998977,-0.10559999999999721
213,213.0,521.5,227.5,1.0,3.1622776985168457,25.0,0.3733630940519091,-0.062399999999996486
214,214.0,522.0,227.5,1.0,3.605551242828369,25.125,0.5,-0.17500000000001137
215,215.0,522.0,227.67,1.0,3.971238136291504,25.25,0.1699999999999875,-0.0
216,216.0,521.63,227.78,1.0,3.6131675243377686,25.375,0.38600518131238387,0.018700000000000945
217,217.0,521.78,227.37,1.0,3.6131675243377686,25.5,0.43657759905885046,-0.1005999999999975
218,218.0,522.63,230.22,1.0,3.6131675243377686,25.625,2.9740544715926114,-1.041000000000004
219,219.0,522.63,230.22,0,,25.75,0.0,-0.0
220,220.0,522.63,230.22,0,,25.875,0.0,0.0
221,221.0,522.63,230.22,0,,26.0,0.0,0.0
222,222.0,522.63,230.22,0,,26.125,0.0,0.0
223,223.0,525.28,236.5,1.0,3.576000213623047,26.25,6.816223294464457,-0.0
224,224.0,525.28,236.5,0,,26.375,0.0,-0.0
225,225.0,525.28,236.5,0,,26.5,0.0,0.0
226,226.0,525.28,236.5,0,,26.625,0.0,0.0
227,227.0,525.28,236.5,0,,26.75,0.0,0.0
228,228.0,525.28,236.5,0,,26.875,0.0,0.0
229,229.0,527.0,240.5,1.0,3.605551242828369,27.0,4.354124481454348,-0.0
230,230.0,527.0,240.5,0,,27.125,0.0,-0.0
231,231.0,527.0,240.5,0,,27.25,0.0,0.0
232,232.0,527.0,240.5,0,,27.375,0.0,0.0
233,233.0,527.0,240.5,0,,27.5,0.0,0.0
234,234.0,527.37,241.22,1.0,3.6131675243377686,27.625,0.8095060222135483,-0.0
235,235.0,527.37,241.22,0,,27.75,0.0,-0.0
236,236.0,527.37,241.22,1.0,3.6131675243377686,27.875,0.0,0.0
237,237.0,527.5,241.5,1.0,3.1622776985168457,28.0,0.30870698080866177,-0.0
238,238.0,527.22,241.37,1.0,3.6131675243377686,28.125,0.30870698080863596,-0.07279999999999406
239,239.0,527.37,241.22,1.0,3.6131675243377686,28.25,0.2121320343559522,-0.022499999999989483
240,240.0,527.63,241.15,1.0,3.727257013320923,28.375,0.26925824035671464,0.04949999999999209
241,241.0,527.5,241.5,1.0,3.1622776985168457,28.5,0.37336309405188245,-0.058299999999994856
242,242.0,527.37,241.37,1.0,3.5036489963531494,28.625,0.18384776310849593,-0.02859999999999885
243,243.0,527.37,241.37,0,,28.75,0.0,0.0
244,244.0,527.37,241.37,0,,28.875,0.0,0.0
245,245.0,527.37,241.37,0,,29.0,0.0,0.0
246,246.0,527.37,241.37,0,,29.125,0.0,0.0
247,247.0,528.0,239.5,1.0,4.561553001403809,29.25,1.9732713954243626,0.0
248,248.0,528.0,239.5,0,,29.375,0.0,0.0
249,249.0,528.19,239.19,1.0,3.6345863342285156,29.5,0.36359317925398726,0.0
250,250.0,528.19,239.19,0,,29.625,0.0,0.0
251,251.0,528.0,239.0,1.0,3.4142136573791504,29.75,0.268700576850925,0.0
252,252.0,528.19,239.19,1.0,3.6345863342285156,29.875,0.268700576850925,-0.07220000000001986
253,253.0,527.81,239.0,1.0,3.1094911098480225,30.0,0.4248529157250566,-0.1083000000000406
254,254.0,527.81,239.0,0,,30.125,0.0,0.0
255,255.0,528.19,238.81,1.0,3.6345863342285156,30.25,0.4248529157250566,0.0
256,256.0,528.19,239.19,1.0,3.6345863342285156,30.375,0.37999999999999545,-0.07219999999999827
257,257.0,527.81,239.0,1.0,3.1094911098480225,30.5,0.4248529157250566,-0.07219999999999827
258,258.0,528.0,239.0,1.0,3.4142136573791504,30.625,0.19000000000005457,-0.07220000000004147
259,259.0,528.0,239.0,0,,30.75,0.0,0.0
260,260.0,528.0,239.0,0,,30.875,0.0,0.0
261,261.0,528.37,239.22,1.0,3.6131675243377686,31.0,0.430464865000621,-0.0
262,262.0,528.5,239.0,1.0,3.605551242828369,31.125,0.25553864678360944,-0.00030000000000059146
263,263.0,528.41,238.72,1.0,3.7962162494659424,31.25,0.2941088233970657,0.049899999999996204
264,264.0,528.5,239.0,1.0,3.605551242828369,31.375,0.2941088233970657,-0.08650000000000636
265,265.0,528.5,238.5,1.0,3.1622776985168457,31.5,0.5,-0.14000000000000057
266,266.0,528.5,238.5,0,,31.625,0.0,0.0
267,267.0,528.37,238.78,1.0,3.6131675243377686,31.75,0.30870698080866177,0.0
268,268.0,528.37,237.78,1.0,3.6131675243377686,31.875,1.0,-0.28000000000000114
269,269.0,528.63,238.78,1.0,3.6131675243377686,32.0,1.033247308247157,-1.0
270,270.0,528.37,238.22,1.0,3.6131675243377686,32.125,0.6174139616173235,-0.6275999999999975
271,271.0,528.5,238.5,1.0,3.1622776985168457,32.25,0.30870698080866177,-0.1905999999999989
272,272.0,528.5,238.5,0,,32.375,0.0,-0.0
273,273.0,528.5,238.5,0,,32.5,0.0,0.0
274,274.0,528.71,238.72,1.0,3.7146711349487305,32.625,0.30413812651493527,-0.0
275,275.0,528.71,238.72,0,,32.75,0.0,-0.0
276,276.0,529.0,239.5,1.0,3.3027756214141846,32.875,0.8321658488546503,-0.0
277,277.0,529.14,239.69,1.0,4.315976142883301,33.0,0.236008474424109,0.1887999999999894
278,278.0,529.33,240.0,1.0,3.971238136291504,33.125,0.36359317925398726,0.08550000000000478
279,279.0,529.74,239.64,1.0,4.495105266571045,33.25,0.5456189146281347,-0.03369999999998871
280,280.0,529.74,239.64,0,,33.375,0.0,0.0
281,281.0,529.41,239.72,1.0,3.7962162494659424,33.5,0.33955853692703564,0.0
282,282.0,529.27,239.67,1.0,4.186751365661621,33.625,0.14866068747317604,0.04219999999999969
283,283.0,529.71,239.84,1.0,3.945650577545166,33.75,0.47169905660288686,-0.07010000000000437
284,284.0,529.41,239.72,1.0,3.7962162494659424,33.875,0.32310988842813526,-0.15240000000004908
285,285.0,529.27,239.75,1.0,4.277985095977783,34.0,0.14317821063275044,0.03840000000000519
286,286.0,529.63,239.46,1.0,4.432018280029297,34.125,0.46227697325305445,-0.059099999999997085
287,287.0,529.29,238.84,1.0,3.945650577545166,34.25,0.7071067811865669,0.057399999999980286
288,288.0,529.5,240.0,1.0,3.605551242828369,34.375,1.1788553770501313,-0.7906000000000222
289,289.0,529.5,240.0,0,,34.5,0.0,-0.0
290,290.0,529.41,239.72,1.0,3.7962162494659424,34.625,0.2941088233970657,0.0
291,291.0,529.41,239.72,1.0,3.7962162494659424,34.75,0.0,0.0
292,292.0,529.71,239.84,1.0,3.945650577545166,34.875,0.32310988842813526,-0.0
293,293.0,529.28,239.5,1.0,3.576000213623047,35.0,0.5481788029466819,-0.16980000000005038
294,294.0,529.28,239.5,1.0,3.576000213623047,35.125,0.0,0.0
295,295.0,529.63,240.22,1.0,3.6131675243377686,35.25,0.8005623023850263,-0.0
296,296.0,529.63,240.22,1.0,3.6131675243377686,35.375,0.0,-0.0
297,297.0,529.5,240.0,1.0,3.3027756214141846,35.5,0.25553864678360944,0.0
298,298.0,529.63,240.22,1.0,3.6131675243377686,35.625,0.25553864678360944,-0.06529999999999832
299,299.0,529.5,240.0,1.0,3.3027756214141846,35.75,0.25553864678360944,-0.06529999999999832
300,300.0,529.5,240.0,0,,35.875,0.0,0.0
301,301.0,529.5,240.0,0,,36.0,0.0,0.0
302,302.0,529.5,240.0,0,,36.125,0.0,0.0
303,303.0,529.63,240.22,1.0,3.6131675243377686,36.25,0.25553864678360944,-0.0
304,304.0,529.63,240.22,0,,36.375,0.0,-0.0
305,305.0,529.63,240.22,1.0,3.6131675243377686,36.5,0.0,0.0
306,306.0,529.63,240.22,0,,36.625,0.0,0.0
307,307.0,529.5,240.0,1.0,3.3027756214141846,36.75,0.25553864678360944,0.0
308,308.0,531.91,244.31,1.0,5.1076507568359375,36.875,4.938036046851002,-1.2614999999999805
309,309.0,531.9,243.81,1.0,4.732710361480713,37.0,0.5000999900019993,-2.1790999999999787
310,310.0,532.09,243.84,1.0,5.301436424255371,37.125,0.19235384061676752,-0.016899999999999388
311,311.0,532.0,244.0,1.0,4.4721360206604,37.25,0.18357559750687083,-0.012300000000010882
312,312.0,532.0,244.16,1.0,4.341928958892822,37.375,0.1599999999999966,0.02559999999999891
313,313.0,532.2,244.14,1.0,4.570525646209717,37.5,0.20099751242246405,-0.0032000000000015688
314,314.0,532.2,244.14,0,,37.625,0.0,0.0
315,315.0,532.8,244.86,1.0,4.570525646209717,37.75,0.9372299611087612,-0.0
316,316.0,532.8,244.86,0,,37.875,0.0,-0.0
317,317.0,532.37,244.46,1.0,4.432018280029297,38.0,0.5872818744010082,0.0
318,318.0,532.37,244.46,1.0,4.432018280029297,38.125,0.0,0.0
319,319.0,532.37,244.46,0,,38.25,0.0,0.0
320,320.0,532.37,244.46,0,,38.375,0.0,0.0
321,321.0,532.37,244.46,0,,38.5,0.0,0.0
322,322.0,533.03,245.68,1.0,4.8446149826049805,38.625,1.38708327075196,-0.0
323,323.0,533.29,245.71,1.0,4.610671520233154,38.75,0.2617250465660391,0.20819999999998706
324,324.0,533.15,245.85,1.0,4.303342342376709,38.875,0.197989898732214,-0.03219999999999543
325,325.0,533.34,245.89,1.0,4.692133903503418,39.0,0.19416487838952776,-0.021000000000006708
326,326.0,533.5,245.76,1.0,4.608570098876953,39.125,0.20615528128085545,0.0252000000000039
327,327.0,533.31,245.86,1.0,4.315976142883301,39.25,0.21470910553589775,-0.043400000000005184
328,328.0,533.47,245.62,1.0,4.8545074462890625,39.375,0.28844410203717213,-0.054400000000030646
329,329.0,533.31,245.86,1.0,4.315976142883301,39.5,0.28844410203717213,-0.08320000000003056
330,330.0,533.47,245.62,1.0,4.8545074462890625,39.625,0.28844410203717213,-0.08320000000003056
331,331.0,533.47,245.62,1.0,4.8545074462890625,39.75,0.0,0.0
332,332.0,533.5,245.76,1.0,4.608570098876953,39.875,0.14317821063274447,-0.0
333,333.0,533.68,246.03,1.0,4.8446149826049805,40.0,0.3244996147917398,0.04319999999999134
334,334.0,533.69,245.86,1.0,4.315976142883301,40.125,0.17029386365925767,-0.04409999999998004
335,335.0,533.69,245.86,1.0,4.315976142883301,40.25,0.0,0.0
336,336.0,533.89,246.1,1.0,4.296176433563232,40.375,0.31240998703620765,-0.0
337,337.0,533.69,245.86,1.0,4.315976142883301,40.5,0.31240998703620765,-0.09759999999996344
338,338.0,533.85,245.85,1.0,4.303342342376709,40.625,0.16031219541878342,-0.02959999999997828
339,339.0,533.69,245.86,1.0,4.315976142883301,40.75,0.16031219541878342,-0.025699999999990203
340,340.0,533.85,245.85,1.0,4.303342342376709,40.875,0.16031219541878342,-0.025699999999990203
341,341.0,533.85,245.85,0,,41.0,0.0,0.0
342,342.0,533.84,246.0,1.0,4.341928958892822,41.125,0.15033296378373415,0.0
343,343.0,533.69,245.86,1.0,4.315976142883301,41.25,0.20518284528680597,-0.01950000000000034
344,344.0,533.85,245.85,1.0,4.303342342376709,41.375,0.16031219541878342,-0.022599999999989018
345,345.0,533.75,245.97,1.0,4.0848774909973145,41.5,0.15620499351815115,-0.01720000000000282
346,346.0,533.75,245.97,1.0,4.0848774909973145,41.625,0.0,0.0
347,347.0,534.15,246.0,1.0,4.011234283447266,41.75,0.401123422402609,-0.0
348,348.0,534.15,246.0,1.0,4.011234283447266,41.875,0.0,-0.0
349,349.0,534.15,246.0,1.0,4.011234283447266,42.0,0.0,0.0
350,350.0,534.15,246.0,1.0,4.011234283447266,42.125,0.0,0.0
351,351.0,534.15,246.0,1.0,4.011234283447266,42.25,0.0,0.0
352,352.0,534.15,246.0,0,,42.375,0.0,0.0
353,353.0,534.15,246.0,1.0,4.011234283447266,42.5,0.0,0.0
354,354.0,534.29,246.16,1.0,3.945650577545166,42.625,0.21260291625468145,-0.0
355,355.0,534.37,245.78,1.0,3.6131675243377686,42.75,0.3883297567789559,-0.04959999999999334
356,356.0,534.37,245.78,1.0,3.6131675243377686,42.875,0.0,0.0
357,357.0,534.5,246.0,1.0,3.3027756214141846,43.0,0.25553864678360944,-0.0
358,358.0,535.0,245.85,1.0,4.011234283447266,43.125,0.5220153254455291,0.03199999999999665
359,359.0,534.5,246.0,1.0,3.3027756214141846,43.25,0.5220153254455291,-0.2725000000000017
360,360.0,534.5,246.0,1.0,3.3027756214141846,43.375,0.0,0.0
361,361.0,534.5,246.0,1.0,3.3027756214141846,43.5,0.0,0.0
362,362.0,534.5,246.0,1.0,3.3027756214141846,43.625,0.0,0.0
363,363.0,534.5,246.0,0,,43.75,0.0,0.0
364,364.0,534.5,246.0,0,,43.875,0.0,0.0
365,365.0,534.5,246.0,0,,44.0,0.0,0.0
366,366.0,535.19,246.0,1.0,3.1094911098480225,44.125,0.6900000000000546,0.0
367,367.0,535.19,246.0,0,,44.25,0.0,0.0
368,368.0,535.19,246.0,0,,44.375,0.0,0.0
369,369.0,535.19,246.0,0,,44.5,0.0,0.0
370,370.0,535.19,246.0,0,,44.625,0.0,0.0
371,371.0,535.19,246.0,0,,44.75,0.0,0.0
372,372.0,535.19,246.0,0,,44.875,0.0,0.0
373,373.0,535.19,246.0,0,,45.0,0.0,0.0
374,374.0,535.19,246.0,0,,45.125,0.0,0.0
375,375.0,535.19,246.0,0,,45.25,0.0,0.0
376,376.0,535.19,246.0,0,,45.375,0.0,0.0
377,377.0,535.19,246.0,0,,45.5,0.0,0.0
378,378.0,535.19,246.0,0,,45.625,0.0,0.0
379,379.0,535.19,246.0,0,,45.75,0.0,0.0
380,380.0,535.19,246.0,0,,45.875,0.0,0.0
381,381.0,535.19,246.0,0,,46.0,0.0,0.0
382,382.0,537.0,247.0,1.0,3.4142136573791504,46.125,2.067873303662437,-0.0
383,383.0,539.45,247.0,1.0,5.080316066741943,46.25,2.4500000000000455,4.434499999999948
384,384.0,540.47,246.88,1.0,5.113492012023926,46.375,1.0270345661174038,2.499000000000002
385,385.0,542.09,246.91,1.0,5.673422813415527,46.5,1.6202777539668978,1.648799999999975
386,386.0,541.91,246.84,1.0,5.301436424255371,46.625,0.19313207915833652,-0.2937000000001038
387,387.0,542.12,247.53,1.0,5.113492012023926,46.75,0.7212489168102869,-0.08610000000001505
388,388.0,542.68,246.97,1.0,4.8446149826049805,46.875,0.7919595949288962,-0.2687999999999914
389,389.0,545.0,247.5,1.0,5.385164737701416,47.0,2.379768896342717,1.0023999999998994
390,390.0,545.0,247.5,0,,47.125,0.0,-0.0
391,391.0,547.0,247.81,1.0,4.820444583892822,47.25,2.023882407651196,-0.0
392,392.0,546.81,247.9,1.0,4.732710361480713,47.375,0.21023796041633716,-0.3521000000001079
393,393.0,546.81,247.9,0,,47.5,0.0,0.0
394,394.0,548.5,247.76,1.0,4.608570098876953,47.625,1.6957889019569,0.0
395,395.0,550.0,247.81,1.0,4.820444583892822,47.75,1.5008331019803638,2.5280000000000795
396,396.0,551.81,247.9,1.0,4.732710361480713,47.875,1.812236187697344,2.719499999999919
397,397.0,552.5,248.0,1.0,5.0,48.0,0.6972087205421875,1.257900000000061
398,398.0,554.0,248.0,1.0,4.4721360206604,48.125,1.5,1.0350000000000819
399,399.0,556.0,247.81,1.0,4.820444583892822,48.25,2.0090047287151913,3.0
400,400.0,557.81,247.9,1.0,4.732710361480713,48.375,1.812236187697344,3.6028999999998903
401,401.0,559.46,247.63,1.0,4.432018280029297,48.5,1.6719449751712243,2.9622000000000726
402,402.0,559.46,247.63,0,,48.625,0.0,0.0
403,403.0,561.7,247.09,1.0,5.092324733734131,48.75,2.3041701326074064,0.0
404,404.0,561.66,247.11,1.0,4.692133903503418,48.875,0.04472135955006951,-0.10040000000017889
405,405.0,561.34,247.11,1.0,4.692133903503418,49.0,0.31999999999993634,0.012800000000022191
406,406.0,563.2,246.2,1.0,5.016746520996094,49.125,2.0706762180505422,-0.5951999999998859
407,407.0,563.2,246.2,0,,49.25,0.0,0.0
408,408.0,565.19,245.9,1.0,4.732710361480713,49.375,2.0124860247962038,0.0
409,409.0,565.42,245.92,1.0,5.004884243011475,49.5,0.2308679276122072,0.45169999999981786
410,410.0,565.42,245.92,0,,49.625,0.0,-0.0
411,411.0,569.0,244.0,1.0,4.4721360206604,49.75,4.062363843872216,0.0
412,412.0,569.23,243.77,1.0,5.007096767425537,49.875,0.3252691193458175,1.265000000000052
413,413.0,568.53,243.88,1.0,5.113492012023926,50.0,0.7085901495223176,-0.18630000000001865
414,414.0,568.5,244.0,1.0,5.0,50.125,0.12369316876852761,0.034199999999980996
415,415.0,569.2,243.61,1.0,5.130615234375,50.25,0.8013114251026582,-0.0677999999999824
416,416.0,569.32,243.76,1.0,4.863711833953857,50.375,0.19209372712297054,0.02550000000001955
417,417.0,569.32,243.76,0,,50.5,0.0,-0.0
418,418.0,570.74,243.8,1.0,4.644400119781494,50.625,1.4205632685663405,-0.0
419,419.0,571.26,243.33,1.0,4.696133136749268,50.75,0.7009279563549881,0.7195999999999433
420,420.0,574.43,243.2,1.0,4.822849750518799,50.875,3.172664495341376,1.709499999999932
421,421.0,574.5,243.0,1.0,5.0,51.0,0.21189620100417672,0.247900000000159
422,422.0,574.68,242.68,1.0,4.840382099151611,51.125,0.3671511950136859,0.0766000000000005
423,423.0,574.68,242.68,0,,51.25,0.0,0.0
424,424.0,574.47,242.88,1.0,5.113492012023926,51.375,0.2899999999999362,0.0
425,425.0,574.15,243.15,1.0,4.303342342376709,51.5,0.41868842830921127,0.12119999999998475
426,426.0,574.15,243.15,0,,51.625,0.0,0.0
427,427.0,574.0,243.07,1.0,5.077576160430908,51.75,0.16999999999998583,0.0
428,428.0,574.62,242.62,1.0,5.385092258453369,51.875,0.7660939890117893,-0.056999999999981864
429,429.0,574.68,242.68,1.0,4.840382099151611,52.0,0.08485281374234872,0.0101999999999661
430,430.0,574.54,243.11,1.0,4.595170497894287,52.125,0.4522167621838028,0.017400000000009845
431,431.0,574.07,243.24,1.0,4.326507091522217,52.25,0.48764741360937985,0.12169999999998043
432,432.0,574.73,242.93,1.0,4.966202259063721,52.375,0.7291776189653378,-0.3504999999999269
433,433.0,574.73,242.93,0,,52.5,0.0,0.0
434,434.0,574.82,242.97,1.0,4.774876594543457,52.625,0.09848857801798691,-0.0
435,435.0,574.84,243.0,1.0,4.341928958892822,52.75,0.036055512754630745,0.002999999999998806
436,436.0,574.68,242.97,1.0,4.8446149826049805,52.875,0.1627882059610777,-0.004099999999998795
437,437.0,574.05,242.88,1.0,5.0737762451171875,53.0,0.6363961030678887,0.10350000000005104
438,438.0,574.74,243.2,1.0,4.644400119781494,53.125,0.7605918747923034,-0.4635000000000317
439,439.0,574.31,243.14,1.0,4.315976142883301,53.25,0.43416586692191156,-0.31590000000006774
440,440.0,575.0,242.84,1.0,4.341928958892822,53.375,0.7523961722391104,-0.2787000000000677
441,441.0,574.91,242.91,1.0,5.673422813415527,53.5,0.11401754250993473,-0.08310000000002364
442,442.0,574.5,243.24,1.0,4.608570098876953,53.625,0.5263078946776137,0.06000000000000881
443,443.0,575.0,242.5,1.0,4.561553001403809,53.75,0.8930845424706517,-0.4491999999999964
444,444.0,574.5,243.24,1.0,4.608570098876953,53.875,0.8930845424706517,-0.7976000000000134
445,445.0,574.68,242.97,1.0,4.8446149826049805,54.0,0.3244996147917398,-0.289799999999985
446,446.0,574.61,242.8,1.0,5.130615234375,54.125,0.18384776310846654,0.033300000000013326
447,447.0,574.82,242.97,1.0,4.774876594543457,54.25,0.2701851217221463,-0.04359999999998493
448,448.0,574.31,243.14,1.0,4.315976142883301,54.375,0.5375872022287198,-0.07820000000004478
449,449.0,574.34,243.11,1.0,4.692133903503418,54.5,0.042426406871234654,-0.02040000000004219
450,450.0,574.47,242.68,1.0,4.975659370422363,54.625,0.44922154890432925,0.01679999999999957
451,451.0,574.81,243.1,1.0,4.732710361480713,54.75,0.5403702434441906,-0.13640000000000968
452,452.0,574.66,243.11,1.0,4.692133903503418,54.875,0.1503329637837077,-0.046799999999972
453,453.0,574.5,243.24,1.0,4.608570098876953,55.0,0.20615528128085545,0.025299999999994053
454,454.0,574.68,242.97,1.0,4.8446149826049805,55.125,0.3244996147917398,-0.06389999999998637
455,455.0,574.66,243.11,1.0,4.692133903503418,55.25,0.14142135623732158,-0.041400000000001144
456,456.0,574.68,242.97,1.0,4.8446149826049805,55.375,0.14142135623732158,-0.02000000000000341
457,457.0,574.5,243.0,1.0,4.561553001403809,55.5,0.18248287590889745,-0.007799999999996328
458,458.0,574.5,243.24,1.0,4.608570098876953,55.625,0.2400000000000091,0.007200000000000545
459,459.0,575.0,243.0,1.0,4.4721360206604,55.75,0.5546169849544859,-0.05760000000000436
460,460.0,575.0,243.0,1.0,4.4721360206604,55.875,0.0,0.0
461,461.0,575.15,243.15,1.0,4.303342342376709,56.0,0.2121320343559522,-0.0
462,462.0,575.15,243.15,0,,56.125,0.0,-0.0
463,463.0,575.15,243.15,0,,56.25,0.0,0.0
464,464.0,575.15,243.15,0,,56.375,0.0,0.0
465,465.0,575.15,243.15,0,,56.5,0.0,0.0
466,466.0,575.15,243.15,0,,56.625,0.0,0.0
467,467.0,575.15,243.15,0,,56.75,0.0,0.0
468,468.0,575.15,243.15,0,,56.875,0.0,0.0
469,469.0,575.15,243.15,0,,57.0,0.0,0.0
470,470.0,575.15,243.15,0,,57.125,0.0,0.0
471,471.0,575.15,243.15,0,,57.25,0.0,0.0
472,472.0,575.15,243.15,0,,57.375,0.0,0.0
473,473.0,575.15,243.15,0,,57.5,0.0,0.0
474,474.0,575.15,243.15,0,,57.625,0.0,0.0
475,475.0,575.15,243.15,0,,57.75,0.0,0.0
476,476.0,575.15,243.15,0,,57.875,0.0,0.0
477,477.0,575.15,243.15,0,,58.0,0.0,0.0
478,478.0,575.15,243.15,0,,58.125,0.0,0.0
479,479.0,575.15,243.15,0,,58.25,0.0,0.0
480,480.0,575.15,243.15,0,,58.375,0.0,0.0
481,481.0,575.15,243.15,0,,58.5,0.0,0.0
482,482.0,575.15,243.15,0,,58.625,0.0,0.0
483,483.0,575.15,243.15,0,,58.75,0.0,0.0
484,484.0,580.61,248.47,1.0,5.1036248207092285,58.875,7.623253898434731,-0.0
485,485.0,585.68,252.32,1.0,4.840382099151611,59.0,6.366113414006957,48.16419999999978
486,486.0,586.0,252.16,1.0,4.341928958892822,59.125,0.35777087640000954,1.006400000000247
487,487.0,586.89,253.66,1.0,4.692133903503418,59.25,1.7441616897524082,0.04480000000004525
488,488.0,586.89,253.66,0,,59.375,0.0,-0.0
489,489.0,586.86,252.69,1.0,4.315976142883301,59.5,0.9704638066409258,0.0
490,490.0,568.0,160.0,1.0,3.6502814292907715,59.625,94.58930013484611,90.47509999999937
491,491.0,587.0,253.5,1.0,4.561553001403809,59.75,95.41095324961385,-9024.855
492,492.0,586.59,253.28,1.0,3.7962162494659424,59.875,0.4652956049652451,-28.35999999999929
493,493.0,592.78,273.63,7.0,3.6131675243377686,60.0,21.270604128703045,-7.014899999999754
494,494.0,592.78,273.63,0,,60.125,0.0,-0.0
495,495.0,592.78,273.63,0,,60.25,0.0,0.0
496,496.0,592.78,273.63,0,,60.375,0.0,0.0
497,497.0,592.78,273.63,0,,60.5,0.0,0.0
498,498.0,592.78,273.63,0,,60.625,0.0,0.0
499,499.0,592.78,273.63,0,,60.75,0.0,0.0
500,500.0,592.78,273.63,0,,60.875,0.0,0.0
501,501.0,592.78,273.63,0,,61.0,0.0,0.0
502,502.0,592.78,273.63,0,,61.125,0.0,0.0
503,503.0,592.78,273.63,0,,61.25,0.0,0.0
504,504.0,592.78,273.63,0,,61.375,0.0,0.0
505,505.0,592.78,273.63,0,,61.5,0.0,0.0
506,506.0,592.78,273.63,0,,61.625,0.0,0.0
507,507.0,592.78,273.63,0,,61.75,0.0,0.0
508,508.0,592.78,273.63,0,,61.875,0.0,0.0
509,509.0,592.78,273.63,0,,62.0,0.0,0.0
510,510.0,592.78,273.63,0,,62.125,0.0,0.0
511,511.0,592.78,273.63,0,,62.25,0.0,0.0
512,512.0,592.78,273.63,0,,62.375,0.0,0.0
513,513.0,592.78,273.63,0,,62.5,0.0,0.0
514,514.0,592.78,273.63,0,,62.625,0.0,0.0
515,515.0,592.78,273.63,0,,62.75,0.0,0.0
516,516.0,592.78,273.63,0,,62.875,0.0,0.0
517,517.0,592.78,273.63,0,,63.0,0.0,0.0
518,518.0,592.78,273.63,0,,63.125,0.0,0.0
519,519.0,592.78,273.63,0,,63.25,0.0,0.0
520,520.0,592.78,273.63,0,,63.375,0.0,0.0
521,521.0,592.78,273.63,0,,63.5,0.0,0.0
522,522.0,592.78,273.63,0,,63.625,0.0,0.0
523,523.0,592.78,273.63,0,,63.75,0.0,0.0
524,524.0,592.78,273.63,0,,63.875,0.0,0.0
525,525.0,592.78,273.63,0,,64.0,0.0,0.0
526,526.0,592.78,273.63,0,,64.125,0.0,0.0
527,527.0,592.78,273.63,0,,64.25,0.0,0.0
528,528.0,592.78,273.63,0,,64.375,0.0,0.0
529,529.0,592.78,273.63,0,,64.5,0.0,0.0
530,530.0,592.78,273.63,0,,64.625,0.0,0.0
531,531.0,592.78,273.63,0,,64.75,0.0,0.0
532,532.0,592.78,273.63,0,,64.875,0.0,0.0
533,533.0,592.78,273.63,0,,65.0,0.0,0.0
534,534.0,592.78,273.63,0,,65.125,0.0,0.0
535,535.0,592.78,273.63,0,,65.25,0.0,0.0
536,536.0,592.78,273.63,0,,65.375,0.0,0.0
537,537.0,592.78,273.63,0,,65.5,0.0,0.0
538,538.0,592.78,273.63,0,,65.625,0.0,0.0
539,539.0,592.78,273.63,0,,65.75,0.0,0.0
540,540.0,592.78,273.63,0,,65.875,0.0,0.0
541,541.0,592.78,273.63,0,,66.0,0.0,0.0
542,542.0,592.78,273.63,0,,66.125,0.0,0.0
543,543.0,592.78,273.63,0,,66.25,0.0,0.0
544,544.0,592.78,273.63,0,,66.375,0.0,0.0
545,545.0,592.78,273.63,0,,66.5,0.0,0.0
546,546.0,592.78,273.63,0,,66.625,0.0,0.0
547,547.0,592.78,273.63,0,,66.75,0.0,0.0
548,548.0,592.78,273.63,0,,66.875,0.0,0.0
549,549.0,592.78,273.63,0,,67.0,0.0,0.0
550,550.0,538.0,241.5,1.0,3.605551242828369,67.125,63.50736413991685,0.0
551,551.0,538.0,241.5,0,,67.25,0.0,0.0
552,552.0,538.0,241.5,0,,67.375,0.0,0.0
553,553.0,538.0,241.5,0,,67.5,0.0,0.0
554,554.0,538.0,241.5,0,,67.625,0.0,0.0
555,555.0,538.0,241.5,0,,67.75,0.0,0.0
556,556.0,538.0,241.5,0,,67.875,0.0,0.0
557,557.0,538.0,241.5,0,,68.0,0.0,0.0
558,558.0,538.0,241.5,0,,68.125,0.0,0.0
559,559.0,538.0,241.5,0,,68.25,0.0,0.0
560,560.0,538.0,241.5,0,,68.375,0.0,0.0
561,561.0,538.0,241.5,0,,68.5,0.0,0.0
562,562.0,538.0,241.5,0,,68.625,0.0,0.0
563,563.0,538.0,241.5,0,,68.75,0.0,0.0
564,564.0,538.0,241.5,0,,68.875,0.0,0.0
565,565.0,538.0,241.5,0,,69.0,0.0,0.0
566,566.0,538.0,241.5,0,,69.125,0.0,0.0
567,567.0,538.0,241.5,0,,69.25,0.0,0.0
568,568.0,538.0,241.5,0,,69.375,0.0,0.0
569,569.0,538.0,241.5,0,,69.5,0.0,0.0
570,570.0,538.0,241.5,0,,69.625,0.0,0.0
571,571.0,538.0,241.5,0,,69.75,0.0,0.0
572,572.0,538.0,241.5,0,,69.875,0.0,0.0
573,573.0,538.0,241.5,0,,70.0,0.0,0.0
574,574.0,538.0,241.5,0,,70.125,0.0,0.0
575,575.0,538.0,241.5,0,,70.25,0.0,0.0
576,576.0,538.0,241.5,0,,70.375,0.0,0.0
577,577.0,538.0,241.5,0,,70.5,0.0,0.0
578,578.0,538.0,241.5,0,,70.625,0.0,0.0
579,579.0,538.0,241.5,0,,70.75,0.0,0.0
580,580.0,538.0,241.5,0,,70.875,0.0,0.0
581,581.0,538.0,241.5,0,,71.0,0.0,0.0
582,582.0,538.0,241.5,0,,71.125,0.0,0.0
583,583.0,538.0,241.5,0,,71.25,0.0,0.0
584,584.0,538.0,241.5,0,,71.375,0.0,0.0
585,585.0,538.0,241.5,0,,71.5,0.0,0.0
586,586.0,538.0,241.5,0,,71.625,0.0,0.0
587,587.0,538.0,241.5,0,,71.75,0.0,0.0
588,588.0,538.0,241.5,0,,71.875,0.0,0.0
589,589.0,538.0,241.5,0,,72.0,0.0,0.0
590,590.0,538.0,241.5,0,,72.125,0.0,0.0
591,591.0,538.0,241.5,0,,72.25,0.0,0.0
592,592.0,538.0,241.5,0,,72.375,0.0,0.0
593,593.0,538.0,241.5,0,,72.5,0.0,0.0
594,594.0,538.0,241.5,0,,72.625,0.0,0.0
595,595.0,538.0,241.5,0,,72.75,0.0,0.0
596,596.0,538.0,241.5,0,,72.875,0.0,0.0
597,597.0,538.0,241.5,0,,73.0,0.0,0.0
598,598.0,538.0,241.5,0,,73.125,0.0,0.0
599,599.0,538.0,241.5,0,,73.25,0.0,0.0
600,600.0,538.0,241.5,0,,73.375,0.0,0.0
601,601.0,538.0,241.5,0,,73.5,0.0,0.0
602,602.0,538.0,241.5,0,,73.625,0.0,0.0
603,603.0,538.0,241.5,0,,73.75,0.0,0.0
604,604.0,538.0,241.5,0,,73.875,0.0,0.0
605,605.0,538.0,241.5,0,,74.0,0.0,0.0
606,606.0,538.0,241.5,0,,74.125,0.0,0.0
607,607.0,538.0,241.5,0,,74.25,0.0,0.0
608,608.0,538.0,241.5,0,,74.375,0.0,0.0
609,609.0,538.0,241.5,0,,74.5,0.0,0.0
610,610.0,538.0,241.5,0,,74.625,0.0,0.0
611,611.0,538.0,241.5,0,,74.75,0.0,0.0
612,612.0,538.0,241.5,0,,74.875,0.0,0.0
613,613.0,538.0,241.5,0,,75.0,0.0,0.0
614,614.0,588.0,253.5,1.0,3.605551242828369,75.125,51.419840528729765,-0.0
615,615.0,588.0,253.5,1.0,3.605551242828369,75.25,0.0,-0.0
616,616.0,588.0,253.5,0,,75.375,0.0,0.0
617,617.0,588.0,253.5,0,,75.5,0.0,0.0
618,618.0,588.0,253.5,0,,75.625,0.0,0.0
619,619.0,588.0,253.5,0,,75.75,0.0,0.0
620,620.0,589.28,253.5,1.0,3.576000213623047,75.875,1.2799999999999727,0.0
621,621.0,589.0,253.5,1.0,3.605551242828369,76.0,0.2799999999999727,-0.3583999999999574
622,622.0,591.22,252.63,1.0,3.6131675243377686,76.125,2.384386713601661,-0.6215999999999471
623,623.0,591.93,251.9,1.0,4.403299808502197,76.25,1.018331969448016,2.2112999999998424
624,624.0,592.74,252.2,1.0,4.644400119781494,76.375,0.8637708029333276,0.3560999999999949
625,625.0,593.71,250.16,1.0,3.945650577545166,76.5,2.258871399615308,0.17370000000011665
626,626.0,593.31,251.14,1.0,4.315976142883301,76.625,1.058489489791964,-2.38720000000007
627,627.0,595.15,249.15,1.0,4.303342342376709,76.75,2.710295186875415,-2.6862000000001407
628,628.0,596.03,248.32,1.0,4.8446149826049805,76.875,1.2096693763173525,3.2709000000000286
629,629.0,597.0,247.67,1.0,3.971238136291504,77.0,1.1676472069936452,1.3931000000000324
630,630.0,597.0,247.67,0,,77.125,0.0,0.0
631,631.0,597.0,247.67,0,,77.25,0.0,0.0
632,632.0,598.0,246.33,1.0,3.971238136291504,77.375,1.672004784682129,0.0
633,633.0,597.0,247.0,1.0,4.4721360206604,77.5,1.2037026210821273,-1.8977999999999664
634,634.0,597.5,246.0,1.0,4.561553001403809,77.625,1.118033988749895,-1.1699999999999875
635,635.0,597.63,245.78,1.0,3.6131675243377686,77.75,0.25553864678360944,0.2849999999999966
636,636.0,597.63,245.78,0,,77.875,0.0,0.0
637,637.0,598.1,246.11,1.0,4.296176433563232,78.0,0.5742821606144787,-0.0
638,638.0,597.81,246.19,1.0,3.6345863342285156,78.125,0.30083217912989674,-0.1099000000000485
639,639.0,597.81,246.19,0,,78.25,0.0,0.0
640,640.0,597.63,246.0,1.0,4.130928993225098,78.375,0.261725046566012,0.0
641,641.0,597.76,246.5,1.0,4.608570098876953,78.5,0.5166236541235785,-0.11839999999999154
642,642.0,597.76,246.5,0,,78.625,0.0,-0.0
643,643.0,598.34,245.89,1.0,4.692133903503418,78.75,0.8417244204607967,0.0
644,644.0,599.85,244.85,1.0,4.303342342376709,78.875,1.8334939323597326,1.510200000000066
645,645.0,599.41,245.28,1.0,3.7962162494659424,79.0,0.6152235366109248,-1.111600000000082
646,646.0,600.85,243.85,1.0,4.303342342376709,79.125,2.029408780901516,-1.2485000000001154
647,647.0,600.8,243.88,1.0,4.468204498291016,79.25,0.058309518948512086,-0.11490000000010278
648,648.0,600.85,243.85,1.0,4.303342342376709,79.375,0.058309518948512086,-0.0034000000000068897
649,649.0,600.85,243.85,1.0,4.303342342376709,79.5,0.0,0.0
650,650.0,601.1,243.89,1.0,4.296176433563232,79.625,0.253179778023442,-0.0
651,651.0,600.85,243.85,1.0,4.303342342376709,79.75,0.253179778023442,-0.06409999999999937
652,652.0,600.67,244.0,1.0,3.971238136291504,79.875,0.23430749027725217,0.03900000000001688
653,653.0,600.85,243.85,1.0,4.303342342376709,80.0,0.23430749027725217,-0.054900000000024624
654,654.0,600.85,243.85,1.0,4.303342342376709,80.125,0.0,0.0
655,655.0,601.0,243.67,1.0,3.971238136291504,80.25,0.2343074902771903,0.0
656,656.0,601.0,243.5,1.0,4.123105525970459,80.375,0.1699999999999875,0.03059999999999891
657,657.0,600.85,243.85,1.0,4.303342342376709,80.5,0.38078865529318123,-0.059499999999994654
658,658.0,601.0,243.5,1.0,4.123105525970459,80.625,0.38078865529318123,-0.1449999999999892
659,659.0,600.85,243.85,1.0,4.303342342376709,80.75,0.38078865529318123,-0.1449999999999892
660,660.0,600.64,243.74,1.0,4.495105266571045,80.875,0.23706539182261935,-0.006999999999993518
661,661.0,601.0,244.0,1.0,4.4721360206604,81.0,0.4440720662234961,-0.10420000000001112
662,662.0,600.85,243.85,1.0,4.303342342376709,81.125,0.2121320343559522,-0.09299999999999398
663,663.0,600.85,243.85,1.0,4.303342342376709,81.25,0.0,0.0
664,664.0,601.0,243.67,1.0,3.971238136291504,81.375,0.2343074902771903,0.0
665,665.0,601.0,243.67,1.0,3.971238136291504,81.5,0.0,0.0
666,666.0,600.85,243.85,1.0,4.303342342376709,81.625,0.2343074902771903,0.0
667,667.0,601.0,243.67,1.0,3.971238136291504,81.75,0.2343074902771903,-0.05489999999999563
668,668.0,601.0,244.0,1.0,4.4721360206604,81.875,0.3300000000000125,-0.059400000000004505
669,669.0,601.0,243.67,1.0,3.971238136291504,82.0,0.3300000000000125,-0.10890000000000825
670,670.0,601.15,243.15,1.0,4.303342342376709,82.125,0.5412023651093686,0.1716000000000005
671,671.0,601.5,243.5,1.0,3.1622776985168457,82.25,0.49497474683059534,-0.12949999999999523
672,672.0,601.5,243.5,0,,82.375,0.0,-0.0
673,673.0,602.0,243.5,1.0,4.123105525970459,82.5,0.5,0.0
674,674.0,602.0,243.5,2.0,3.605551242828369,82.625,0.0,0.0
675,675.0,602.0,243.5,0,,82.75,0.0,0.0
676,676.0,602.0,243.5,0,,82.875,0.0,0.0
677,677.0,602.0,243.5,0,,83.0,0.0,0.0
678,678.0,602.0,243.5,0,,83.125,0.0,0.0
679,679.0,602.0,243.5,0,,83.25,0.0,0.0
680,680.0,602.0,243.5,0,,83.375,0.0,0.0
681,681.0,602.0,243.5,0,,83.5,0.0,0.0
682,682.0,602.0,243.5,0,,83.625,0.0,0.0
683,683.0,602.0,243.5,0,,83.75,0.0,0.0
684,684.0,602.0,243.5,0,,83.875,0.0,0.0
685,685.0,602.0,243.5,0,,84.0,0.0,0.0
686,686.0,602.0,243.5,0,,84.125,0.0,0.0
687,687.0,602.0,243.5,0,,84.25,0.0,0.0
688,688.0,602.0,243.5,0,,84.375,0.0,0.0
689,689.0,602.0,243.5,0,,84.5,0.0,0.0
690,690.0,602.0,243.5,0,,84.625,0.0,0.0
691,691.0,602.0,243.5,0,,84.75,0.0,0.0
692,692.0,602.0,243.5,0,,84.875,0.0,0.0
693,693.0,602.0,243.5,0,,85.0,0.0,0.0
694,694.0,602.0,243.5,0,,85.125,0.0,0.0
695,695.0,602.0,243.5,0,,85.25,0.0,0.0
696,696.0,602.0,243.5,0,,85.375,0.0,0.0
697,697.0,602.0,243.5,0,,85.5,0.0,0.0
698,698.0,602.0,243.5,0,,85.625,0.0,0.0
699,699.0,602.0,243.5,0,,85.75,0.0,0.0
700,700.0,602.0,243.5,0,,85.875,0.0,0.0
701,701.0,602.0,243.5,0,,86.0,0.0,0.0
702,702.0,602.0,243.5,0,,86.125,0.0,0.0
703,703.0,602.0,243.5,0,,86.25,0.0,0.0
704,704.0,602.0,243.5,0,,86.375,0.0,0.0
705,705.0,602.0,243.5,0,,86.5,0.0,0.0
706,706.0,602.0,243.5,0,,86.625,0.0,0.0
707,707.0,602.0,243.5,0,,86.75,0.0,0.0
708,708.0,602.0,243.5,0,,86.875,0.0,0.0
709,709.0,602.0,243.5,0,,87.0,0.0,0.0
710,710.0,602.0,243.5,0,,87.125,0.0,0.0
711,711.0,602.0,243.5,0,,87.25,0.0,0.0
712,712.0,602.0,243.5,0,,87.375,0.0,0.0
713,713.0,602.0,243.5,0,,87.5,0.0,0.0
714,714.0,602.0,243.5,0,,87.625,0.0,0.0
715,715.0,602.0,243.5,0,,87.75,0.0,0.0
716,716.0,602.0,243.5,0,,87.875,0.0,0.0
717,717.0,602.0,243.5,0,,88.0,0.0,0.0
718,718.0,602.0,243.5,0,,88.125,0.0,0.0
719,719.0,602.0,243.5,0,,88.25,0.0,0.0
720,720.0,602.0,243.5,0,,88.375,0.0,0.0
721,721.0,602.0,243.5,0,,88.5,0.0,0.0
722,722.0,602.0,243.5,0,,88.625,0.0,0.0
723,723.0,603.5,241.5,1.0,3.1622776985168457,88.75,2.5,0.0
724,724.0,603.5,241.5,0,,88.875,0.0,0.0
725,725.0,605.5,239.5,1.0,3.1622776985168457,89.0,2.8284271247461903,0.0
726,726.0,605.5,239.5,1.0,3.1622776985168457,89.125,0.0,0.0
727,727.0,605.37,239.22,1.0,3.6131675243377686,89.25,0.30870698080866177,0.0
728,728.0,605.5,239.5,1.0,3.1622776985168457,89.375,0.30870698080866177,-0.09529999999999945
729,729.0,606.0,239.5,1.0,3.605551242828369,89.5,0.5,0.06499999999999773
730,730.0,605.5,239.5,1.0,3.1622776985168457,89.625,0.5,-0.25
731,731.0,605.85,239.37,1.0,3.727257013320923,89.75,0.3733630940519091,-0.17500000000001137
732,732.0,606.0,239.5,1.0,3.605551242828369,89.875,0.19849433241277192,0.035599999999996634
733,733.0,605.78,239.37,1.0,3.6131675243377686,90.0,0.2555386467836339,-0.04989999999999791
734,734.0,605.5,239.5,1.0,3.1622776985168457,90.125,0.30870698080863596,0.04470000000000282
735,735.0,605.5,239.5,0,,90.25,0.0,0.0
736,736.0,606.0,239.5,1.0,3.605551242828369,90.375,0.5,0.0
737,737.0,606.0,239.5,0,,90.5,0.0,0.0
738,738.0,606.0,239.5,0,,90.625,0.0,0.0
739,739.0,597.63,249.78,1.0,3.6131675243377686,90.75,13.256519150968709,0.0
740,740.0,597.63,249.78,0,,90.875,0.0,0.0
741,741.0,594.5,251.72,1.0,3.576000213623047,91.0,3.682458417959389,0.0
742,742.0,594.5,251.72,0,,91.125,0.0,0.0
743,743.0,594.5,251.72,0,,91.25,0.0,0.0
744,744.0,594.0,251.67,1.0,4.051835536956787,91.375,0.5024937810560456,0.0
745,745.0,594.0,251.67,0,,91.5,0.0,0.0
746,746.0,594.0,251.67,0,,91.625,0.0,0.0
747,747.0,595.5,258.5,1.0,3.1622776985168457,91.75,6.992774842650102,-0.0
748,748.0,595.5,258.5,0,,91.875,0.0,-0.0
749,749.0,595.5,258.5,0,,92.0,0.0,0.0
750,750.0,597.25,255.73,1.0,4.277985095977783,92.125,3.2764920265430306,0.0
751,751.0,598.0,256.19,1.0,3.1094911098480225,92.25,0.8798295289429694,0.038299999999973355
752,752.0,598.0,256.19,0,,92.375,0.0,-0.0
753,753.0,598.0,256.19,0,,92.5,0.0,0.0
754,754.0,598.0,256.19,0,,92.625,0.0,0.0
755,755.0,597.5,255.0,1.0,3.3027756214141846,92.75,1.2907749610214767,0.0
756,756.0,597.5,255.0,0,,92.875,0.0,0.0
757,757.0,597.5,255.0,0,,93.0,0.0,0.0
758,758.0,597.5,255.0,0,,93.125,0.0,0.0
759,759.0,597.67,254.0,1.0,3.971238136291504,93.25,1.0143470806385684,0.0
760,760.0,597.67,254.0,0,,93.375,0.0,0.0
761,761.0,598.69,253.86,1.0,4.315976142883301,93.5,1.0295630140987928,0.0
762,762.0,598.5,254.0,1.0,4.561553001403809,93.625,0.23600847442415476,-0.21340000000006998
763,763.0,598.5,254.0,0,,93.75,0.0,0.0
764,764.0,598.5,254.0,0,,93.875,0.0,0.0
765,765.0,598.5,254.0,0,,94.0,0.0,0.0
766,766.0,600.0,252.19,1.0,3.1094911098480225,94.125,2.350765832659648,0.0
767,767.0,600.0,252.19,0,,94.25,0.0,0.0
768,768.0,600.0,252.19,0,,94.375,0.0,0.0
769,769.0,600.0,252.19,0,,94.5,0.0,0.0
770,770.0,600.0,252.19,0,,94.625,0.0,0.0
771,771.0,600.0,252.19,0,,94.75,0.0,0.0
772,772.0,600.0,252.19,0,,94.875,0.0,0.0
773,773.0,600.0,252.19,0,,95.0,0.0,0.0
774,774.0,600.0,252.19,0,,95.125,0.0,0.0
775,775.0,600.0,252.19,0,,95.25,0.0,0.0
776,776.0,600.0,252.19,0,,95.375,0.0,0.0
777,777.0,600.0,252.19,0,,95.5,0.0,0.0
778,778.0,600.0,252.19,0,,95.625,0.0,0.0
779,779.0,600.0,252.19,0,,95.75,0.0,0.0
780,780.0,600.0,252.19,0,,95.875,0.0,0.0
781,781.0,600.0,252.19,0,,96.0,0.0,0.0
782,782.0,600.0,252.19,0,,96.125,0.0,0.0
783,783.0,600.0,252.19,0,,96.25,0.0,0.0
784,784.0,600.0,252.19,0,,96.375,0.0,0.0
785,785.0,600.0,252.19,0,,96.5,0.0,0.0
786,786.0,600.0,252.19,0,,96.625,0.0,0.0
787,787.0,600.0,252.19,0,,96.75,0.0,0.0
788,788.0,600.0,252.19,0,,96.875,0.0,0.0
789,789.0,611.0,218.5,1.0,3.605551242828369,97.0,35.44031743650161,0.0
790,790.0,611.0,218.5,0,,97.125,0.0,0.0
791,791.0,611.0,218.5,0,,97.25,0.0,0.0
792,792.0,611.0,218.5,0,,97.375,0.0,0.0
793,793.0,611.0,218.5,0,,97.5,0.0,0.0
794,794.0,611.0,218.5,0,,97.625,0.0,0.0
795,795.0,611.0,218.5,0,,97.75,0.0,0.0
796,796.0,611.0,218.5,0,,97.875,0.0,0.0
797,797.0,611.0,218.5,0,,98.0,0.0,0.0
798,798.0,611.0,218.5,0,,98.125,0.0,0.0
799,799.0,611.0,218.5,0,,98.25,0.0,0.0
800,800.0,611.0,218.5,0,,98.375,0.0,0.0
801,801.0,611.0,218.5,0,,98.5,0.0,0.0
802,802.0,611.0,218.5,0,,98.625,0.0,0.0
803,803.0,611.0,218.5,0,,98.75,0.0,0.0
804,804.0,611.0,218.5,0,,98.875,0.0,0.0
805,805.0,611.0,218.5,0,,99.0,0.0,0.0
806,806.0,611.0,218.5,0,,99.125,0.0,0.0
807,807.0,611.0,218.5,0,,99.25,0.0,0.0
808,808.0,611.0,218.5,0,,99.375,0.0,0.0
809,809.0,587.0,187.5,1.0,3.605551242828369,99.5,39.20459156782532,0.0
810,810.0,576.0,243.5,1.0,3.605551242828369,99.625,57.0701322935211,-1472.0
811,811.0,576.0,243.5,0,,99.75,0.0,0.0
812,812.0,576.0,243.5,0,,99.875,0.0,0.0
813,813.0,576.0,243.5,0,,100.0,0.0,0.0
814,814.0,576.0,243.5,0,,100.125,0.0,0.0
815,815.0,576.0,243.5,0,,100.25,0.0,0.0
816,816.0,576.0,243.5,0,,100.375,0.0,0.0
817,817.0,576.0,243.5,0,,100.5,0.0,0.0
818,818.0,576.0,243.5,0,,100.625,0.0,0.0
819,819.0,576.0,243.5,0,,100.75,0.0,0.0
820,820.0,576.0,243.5,0,,100.875,0.0,0.0
821,821.0,576.0,243.5,0,,101.0,0.0,0.0
822,822.0,576.0,243.5,0,,101.125,0.0,0.0
823,823.0,576.0,243.5,0,,101.25,0.0,0.0
824,824.0,576.0,243.5,0,,101.375,0.0,0.0
825,825.0,576.0,243.5,0,,101.5,0.0,0.0
826,826.0,576.0,243.5,0,,101.625,0.0,0.0
827,827.0,576.0,243.5,0,,101.75,0.0,0.0
828,828.0,576.0,243.5,0,,101.875,0.0,0.0
829,829.0,576.0,243.5,0,,102.0,0.0,0.0
830,830.0,576.0,243.5,0,,102.125,0.0,0.0
831,831.0,576.0,243.5,0,,102.25,0.0,0.0
832,832.0,576.0,243.5,0,,102.375,0.0,0.0
833,833.0,576.0,243.5,0,,102.5,0.0,0.0
834,834.0,576.0,243.5,0,,102.625,0.0,0.0
835,835.0,576.0,243.5,0,,102.75,0.0,0.0
836,836.0,576.0,243.5,0,,102.875,0.0,0.0
837,837.0,576.0,243.5,0,,103.0,0.0,0.0
838,838.0,576.0,243.5,0,,103.125,0.0,0.0
839,839.0,576.0,243.5,0,,103.25,0.0,0.0
840,840.0,576.0,243.5,0,,103.375,0.0,0.0
841,841.0,576.0,243.5,0,,103.5,0.0,0.0
842,842.0,576.0,243.5,0,,103.625,0.0,0.0
843,843.0,576.0,243.5,0,,103.75,0.0,0.0
844,844.0,576.0,243.5,0,,103.875,0.0,0.0
845,845.0,576.0,243.5,0,,104.0,0.0,0.0
846,846.0,576.0,243.5,0,,104.125,0.0,0.0
847,847.0,576.0,243.5,0,,104.25,0.0,0.0
848,848.0,576.0,243.5,0,,104.375,0.0,0.0
849,849.0,576.0,243.5,0,,104.5,0.0,0.0
850,850.0,576.0,243.5,0,,104.625,0.0,0.0
851,851.0,576.0,243.5,0,,104.75,0.0,0.0
852,852.0,576.0,243.5,0,,104.875,0.0,0.0
853,853.0,576.0,243.5,0,,105.0,0.0,0.0
854,854.0,576.0,243.5,0,,105.125,0.0,0.0
855,855.0,576.0,243.5,0,,105.25,0.0,0.0
856,856.0,576.0,243.5,0,,105.375,0.0,0.0
857,857.0,576.0,243.5,0,,105.5,0.0,0.0
858,858.0,576.0,243.5,0,,105.625,0.0,0.0
859,859.0,576.0,243.5,0,,105.75,0.0,0.0
860,860.0,576.0,243.5,0,,105.875,0.0,0.0
861,861.0,576.0,243.5,0,,106.0,0.0,0.0
862,862.0,576.0,243.5,0,,106.125,0.0,0.0
863,863.0,576.0,243.5,0,,106.25,0.0,0.0
864,864.0,576.0,243.5,0,,106.375,0.0,0.0
865,865.0,576.0,243.5,0,,106.5,0.0,0.0
866,866.0,576.0,243.5,0,,106.625,0.0,0.0
867,867.0,576.0,243.5,0,,106.75,0.0,0.0
868,868.0,576.0,243.5,0,,106.875,0.0,0.0
869,869.0,576.0,243.5,0,,107.0,0.0,0.0
870,870.0,576.0,243.5,0,,107.125,0.0,0.0
871,871.0,576.0,243.5,0,,107.25,0.0,0.0
872,872.0,576.0,243.5,0,,107.375,0.0,0.0
873,873.0,576.0,243.5,0,,107.5,0.0,0.0
874,874.0,576.0,243.5,0,,107.625,0.0,0.0
875,875.0,576.0,243.5,0,,107.75,0.0,0.0
876,876.0,576.0,243.5,0,,107.875,0.0,0.0
877,877.0,576.0,243.5,0,,108.0,0.0,0.0
878,878.0,576.0,243.5,0,,108.125,0.0,0.0
879,879.0,576.0,243.5,0,,108.25,0.0,0.0
880,880.0,576.0,243.5,0,,108.375,0.0,0.0
881,881.0,576.0,243.5,0,,108.5,0.0,0.0
882,882.0,576.0,243.5,0,,108.625,0.0,0.0
883,883.0,576.0,243.5,0,,108.75,0.0,0.0
884,884.0,576.0,243.5,0,,108.875,0.0,0.0
885,885.0,576.0,243.5,0,,109.0,0.0,0.0
886,886.0,576.0,243.5,0,,109.125,0.0,0.0
887,887.0,576.0,243.5,0,,109.25,0.0,0.0
888,888.0,576.0,243.5,0,,109.375,0.0,0.0
889,889.0,576.0,243.5,0,,109.5,0.0,0.0
890,890.0,576.0,243.5,0,,109.625,0.0,0.0
891,891.0,576.0,243.5,0,,109.75,0.0,0.0
892,892.0,576.0,243.5,0,,109.875,0.0,0.0
893,893.0,576.0,243.5,0,,110.0,0.0,0.0
894,894.0,576.0,243.5,0,,110.125,0.0,0.0
895,895.0,576.0,243.5,0,,110.25,0.0,0.0
896,896.0,576.0,243.5,0,,110.375,0.0,0.0
897,897.0,576.0,243.5,0,,110.5,0.0,0.0
898,898.0,576.0,243.5,0,,110.625,0.0,0.0
899,899.0,576.0,243.5,0,,110.75,0.0,0.0
900,900.0,576.0,243.5,0,,110.875,0.0,0.0
901,901.0,576.0,243.5,0,,111.0,0.0,0.0
902,902.0,576.0,243.5,0,,111.125,0.0,0.0
903,903.0,576.0,243.5,0,,111.25,0.0,0.0
904,904.0,576.0,243.5,0,,111.375,0.0,0.0
905,905.0,576.0,243.5,0,,111.5,0.0,0.0
906,906.0,576.0,243.5,0,,111.625,0.0,0.0
907,907.0,576.0,243.5,0,,111.75,0.0,0.0
908,908.0,576.0,243.5,0,,111.875,0.0,0.0
909,909.0,576.0,243.5,0,,112.0,0.0,0.0
910,910.0,576.0,243.5,0,,112.125,0.0,0.0
911,911.0,576.0,243.5,0,,112.25,0.0,0.0
912,912.0,576.0,243.5,0,,112.375,0.0,0.0
913,913.0,576.0,243.5,0,,112.5,0.0,0.0
914,914.0,576.0,243.5,0,,112.625,0.0,0.0
915,915.0,576.0,243.5,0,,112.75,0.0,0.0
916,916.0,576.0,243.5,0,,112.875,0.0,0.0
917,917.0,576.0,243.5,0,,113.0,0.0,0.0
918,918.0,576.0,243.5,0,,113.125,0.0,0.0
919,919.0,576.0,243.5,0,,113.25,0.0,0.0
920,920.0,576.0,243.5,0,,113.375,0.0,0.0
921,921.0,576.0,243.5,0,,113.5,0.0,0.0
922,922.0,576.0,243.5,0,,113.625,0.0,0.0
923,923.0,576.0,243.5,0,,113.75,0.0,0.0
924,924.0,576.0,243.5,0,,113.875,0.0,0.0
925,925.0,576.0,243.5,0,,114.0,0.0,0.0
926,926.0,576.0,243.5,0,,114.125,0.0,0.0
927,927.0,576.0,243.5,0,,114.25,0.0,0.0
928,928.0,576.0,243.5,0,,114.375,0.0,0.0
929,929.0,576.0,243.5,0,,114.5,0.0,0.0
930,930.0,576.0,243.5,0,,114.625,0.0,0.0
931,931.0,576.0,243.5,0,,114.75,0.0,0.0
932,932.0,576.0,243.5,0,,114.875,0.0,0.0
933,933.0,576.0,243.5,0,,115.0,0.0,0.0
934,934.0,576.0,243.5,0,,115.125,0.0,0.0
935,935.0,576.0,243.5,0,,115.25,0.0,0.0
936,936.0,576.0,243.5,0,,115.375,0.0,0.0
937,937.0,576.0,243.5,0,,115.5,0.0,0.0
938,938.0,576.0,243.5,0,,115.625,0.0,0.0
939,939.0,576.0,243.5,0,,115.75,0.0,0.0
940,940.0,576.0,243.5,0,,115.875,0.0,0.0
941,941.0,576.0,243.5,0,,116.0,0.0,0.0
942,942.0,576.0,243.5,0,,116.125,0.0,0.0
943,943.0,576.0,243.5,0,,116.25,0.0,0.0
944,944.0,576.0,243.5,0,,116.375,0.0,0.0
945,945.0,576.0,243.5,0,,116.5,0.0,0.0
946,946.0,576.0,243.5,0,,116.625,0.0,0.0
947,947.0,576.0,243.5,0,,116.75,0.0,0.0
948,948.0,576.0,243.5,0,,116.875,0.0,0.0
949,949.0,576.0,243.5,0,,117.0,0.0,0.0
950,950.0,576.0,243.5,0,,117.125,0.0,0.0
951,951.0,576.0,243.5,0,,117.25,0.0,0.0
952,952.0,585.7843017578125,276.37255859375,3.0,3.6131675243377686,117.375,34.29777936525133,-0.0
953,953.0,585.7843017578125,276.37255859375,0,,117.5,0.0,-0.0
954,954.0,585.7843017578125,276.37255859375,0,,117.625,0.0,0.0
955,955.0,585.7843017578125,276.37255859375,0,,117.75,0.0,0.0
956,956.0,585.7843017578125,276.37255859375,0,,117.875,0.0,0.0
957,957.0,585.7843017578125,276.37255859375,0,,118.0,0.0,0.0
958,958.0,585.7843017578125,276.37255859375,0,,118.125,0.0,0.0
959,959.0,585.7843017578125,276.37255859375,0,,118.25,0.0,0.0
960,960.0,585.7843017578125,276.37255859375,0,,118.375,0.0,0.0
961,961.0,585.7843017578125,276.37255859375,0,,118.5,0.0,0.0
962,962.0,561.0,278.5,3.0,3.605551242828369,118.625,24.875442117866665,0.0
963,963.0,561.0,278.5,0,,118.75,0.0,0.0
964,964.0,561.0,278.5,0,,118.875,0.0,0.0
965,965.0,561.0,278.5,0,,119.0,0.0,0.0
966,966.0,561.0,278.5,0,,119.125,0.0,0.0
967,967.0,561.0,278.5,0,,119.25,0.0,0.0
968,968.0,561.0,278.5,0,,119.375,0.0,0.0
969,969.0,561.0,278.5,0,,119.5,0.0,0.0
970,970.0,521.0,206.81,1.0,3.1094911098480225,119.625,82.09419041564391,0.0
971,971.0,602.63,196.78,1.0,3.6131675243377686,119.75,82.24389217443445,-2546.1493
972,972.0,602.63,196.78,1.0,3.6131675243377686,119.875,0.0,0.0
973,973.0,602.63,196.78,1.0,3.6131675243377686,120.0,0.0,0.0
974,974.0,602.63,196.78,0,,120.125,0.0,0.0
975,975.0,602.63,196.78,0,,120.25,0.0,0.0
976,976.0,602.63,196.78,0,,120.375,0.0,0.0
977,977.0,602.63,196.78,0,,120.5,0.0,0.0
978,978.0,602.63,196.78,0,,120.625,0.0,0.0
979,979.0,602.63,196.78,0,,120.75,0.0,0.0
980,980.0,602.63,196.78,0,,120.875,0.0,0.0
981,981.0,602.63,196.78,0,,121.0,0.0,0.0
982,982.0,602.63,196.78,0,,121.125,0.0,0.0
983,983.0,601.63,194.22,1.0,3.6131675243377686,121.25,2.7483813418083036,0.0
984,984.0,601.63,194.22,0,,121.375,0.0,0.0
985,985.0,601.63,194.22,0,,121.5,0.0,0.0
986,986.0,601.63,194.22,0,,121.625,0.0,0.0
987,987.0,601.63,194.22,0,,121.75,0.0,0.0
988,988.0,601.5,195.0,1.0,3.3027756214141846,121.875,0.790759128938769,0.0
989,989.0,601.5,195.0,0,,122.0,0.0,0.0
990,990.0,601.5,195.0,0,,122.125,0.0,0.0
991,991.0,601.5,195.0,0,,122.25,0.0,0.0
992,992.0,601.5,195.0,0,,122.375,0.0,0.0
993,993.0,601.5,195.0,0,,122.5,0.0,0.0
994,994.0,601.5,195.0,0,,122.625,0.0,0.0
995,995.0,601.5,195.0,0,,122.75,0.0,0.0
996,996.0,601.5,195.0,0,,122.875,0.0,0.0
997,997.0,601.5,194.5,1.0,3.1622776985168457,123.0,0.5,0.0
998,998.0,601.5,194.5,0,,123.125,0.0,0.0
999,999.0,601.5,194.5,1.0,3.1622776985168457,123.25,0.0,0.0
1000,1000.0,601.5,194.5,0,,123.375,0.0,0.0
1001,1001.0,601.5,194.5,1.0,3.1622776985168457,123.5,0.0,0.0
1002,1002.0,601.63,194.78,1.0,3.6131675243377686,123.625,0.30870698080866177,-0.0
1003,1003.0,601.63,194.78,0,,123.75,0.0,-0.0
1004,1004.0,601.63,194.78,0,,123.875,0.0,0.0
1005,1005.0,601.5,194.5,1.0,3.1622776985168457,124.0,0.30870698080866177,0.0
1006,1006.0,601.5,194.5,1.0,3.1622776985168457,124.125,0.0,0.0
1007,1007.0,601.5,194.5,0,,124.25,0.0,0.0
1008,1008.0,601.5,194.5,0,,124.375,0.0,0.0
1009,1009.0,601.5,194.5,1.0,3.1622776985168457,124.5,0.0,0.0
1010,1010.0,601.5,194.5,0,,124.625,0.0,0.0
1011,1011.0,601.0,194.5,1.0,3.605551242828369,124.75,0.5,0.0
1012,1012.0,601.0,194.5,0,,124.875,0.0,0.0
1013,1013.0,601.0,194.5,0,,125.0,0.0,0.0
1014,1014.0,601.0,194.5,0,,125.125,0.0,0.0
1015,1015.0,601.0,194.5,0,,125.25,0.0,0.0
1016,1016.0,601.0,194.5,0,,125.375,0.0,0.0
1017,1017.0,601.0,194.5,0,,125.5,0.0,0.0
1018,1018.0,598.81,191.0,1.0,3.1094911098480225,125.625,4.128692286911225,0.0
1019,1019.0,598.5,190.5,1.0,3.1622776985168457,125.75,0.5883026432032803,2.4288999999998975
1020,1020.0,598.5,190.5,1.0,3.1622776985168457,125.875,0.0,0.0
1021,1021.0,598.5,190.5,0,,126.0,0.0,0.0
1022,1022.0,598.5,190.5,0,,126.125,0.0,0.0
1023,1023.0,598.5,190.5,0,,126.25,0.0,0.0
1024,1024.0,598.5,190.5,1.0,3.1622776985168457,126.375,0.0,0.0
1025,1025.0,598.5,190.5,0,,126.5,0.0,0.0
1026,1026.0,598.5,190.5,0,,126.625,0.0,0.0
1027,1027.0,598.5,190.5,0,,126.75,0.0,0.0
