,frame,x,y,blobs,blob_size,sec,distance,dot_product
0,0,372.64,207.64,0,,-2.625,,
1,1.0,372.64,207.64,0,,-2.5,0.0,
2,2.0,372.64,207.64,0,,-2.375,0.0,0.0
3,3.0,372.64,207.64,0,,-2.25,0.0,0.0
4,4.0,372.64,207.64,0,,-2.125,0.0,0.0
5,5.0,372.64,207.64,0,,-2.0,0.0,0.0
6,6.0,372.64,207.64,0,,-1.875,0.0,0.0
7,7.0,372.64,207.64,0,,-1.75,0.0,0.0
8,8.0,372.64,207.64,0,,-1.625,0.0,0.0
9,9.0,372.64,207.64,0,,-1.5,0.0,0.0
10,10.0,372.64,207.64,0,,-1.375,0.0,0.0
11,11.0,372.64,207.64,0,,-1.25,0.0,0.0
12,12.0,372.64,207.64,0,,-1.125,0.0,0.0
13,13.0,372.64,207.64,0,,-1.0,0.0,0.0
14,14.0,372.64,207.64,0,,-0.875,0.0,0.0
15,15.0,372.64,207.64,0,,-0.75,0.0,0.0
16,16.0,372.64,207.64,0,,-0.625,0.0,0.0
17,17.0,372.64,207.64,0,,-0.5,0.0,0.0
18,18.0,372.64,207.64,1.0,4.890987396240234,-0.375,0.0,0.0
19,19.0,372.64,207.64,0,,-0.25,0.0,0.0
20,20.0,375.15,210.85,1.0,4.303342342376709,-0.125,4.0748251496229875,-0.0
21,21.0,375.0,211.0,1.0,4.4721360206604,0.0,0.2121320343559522,0.10500000000007792
22,22.0,375.15,210.85,1.0,4.303342342376709,0.125,0.2121320343559522,-0.044999999999994884
23,23.0,375.0,210.5,1.0,4.561553001403809,0.25,0.38078865529318123,0.030000000000007958
24,24.0,375.0,211.0,1.0,4.4721360206604,0.375,0.5,-0.17499999999999716
25,25.0,375.15,210.85,1.0,4.303342342376709,0.5,0.2121320343559522,-0.07500000000000284
26,26.0,374.89,210.66,1.0,4.692133903503418,0.625,0.3220248437620837,-0.010499999999991981
27,27.0,375.14,210.69,1.0,4.315976142883301,0.75,0.25179356624028354,-0.07069999999999788
28,28.0,375.29,210.84,1.0,3.945650577545166,0.875,0.21213203435599237,0.04200000000000887
29,29.0,375.15,210.85,1.0,4.303342342376709,1.0,0.14035668847622446,-0.019500000000012563
30,30.0,375.29,210.84,1.0,3.945650577545166,1.125,0.14035668847622446,-0.019700000000011916
31,31.0,375.29,210.84,1.0,3.945650577545166,1.25,0.0,0.0
32,32.0,375.0,211.0,1.0,4.4721360206604,1.375,0.33120990323360017,0.0
33,33.0,374.9,210.81,1.0,4.732710361480713,1.5,0.21470910553584746,-0.0013999999999903465
34,34.0,375.9,216.19,1.0,4.732710361480713,1.625,5.472147658826464,-1.1222000000000096
35,35.0,369.86,221.61,1.0,5.494783401489258,1.75,8.115294202923252,23.119600000000098
36,36.0,367.59,222.74,1.0,5.433725833892822,1.875,2.535705030164227,19.835400000000146
37,37.0,367.59,222.74,0,,2.0,0.0,0.0
38,38.0,367.59,222.74,0,,2.125,0.0,0.0
39,39.0,367.59,222.74,0,,2.25,0.0,0.0
40,40.0,367.59,222.74,0,,2.375,0.0,0.0
41,41.0,361.51,225.36,1.0,5.3722243309021,2.5,6.620483366039056,0.0
42,42.0,360.83,225.83,1.0,5.898568630218506,2.625,0.8266196223173076,5.365800000000029
43,43.0,360.83,225.83,0,,2.75,0.0,0.0
44,44.0,355.8,227.8,1.0,5.754578113555908,2.875,5.402018141398613,0.0
45,45.0,352.8,228.8,1.0,5.016746520996094,3.0,3.1622776601683795,17.059999999999917
46,46.0,351.2,229.19,1.0,5.610304355621338,3.125,1.646845469374726,5.190000000000055
47,47.0,348.69,229.09,1.0,5.1076507568359375,3.25,2.51199124202294,3.977000000000046
48,48.0,345.0,229.3,1.0,5.13286828994751,3.375,3.695970779105266,9.240899999999963
49,49.0,344.64,229.02,1.0,6.09688663482666,3.5,0.45607017003966666,1.2696000000000471
50,50.0,344.19,229.3,1.0,5.553401947021484,3.625,0.5299999999999909,0.08360000000000142
51,51.0,344.05,229.3,1.0,5.115325927734375,3.75,0.13999999999998636,0.06299999999999227
52,52.0,344.18,229.23,1.0,5.001744747161865,3.875,0.14764823060234025,-0.01819999999999759
53,53.0,344.04,229.2,1.0,5.9045305252075195,4.0,0.14317821063275044,-0.016099999999996863
54,54.0,344.05,229.23,1.0,5.405422210693359,4.125,0.031622776601681994,-0.0022999999999986586
55,55.0,344.16,229.09,1.0,5.301436424255371,4.25,0.17804493814764624,-0.003100000000000614
56,56.0,344.0,228.88,1.0,5.088169574737549,4.375,0.2640075756489032,0.011799999999993316
57,57.0,344.0,228.88,0,,4.5,0.0,0.0
58,58.0,337.95,229.4,1.0,5.191349983215332,4.625,6.0723059870200995,0.0
59,59.0,328.45,232.32,1.0,5.439187526702881,4.75,9.938631696566683,58.99340000000013
60,60.0,323.92,233.67,1.0,5.64310884475708,4.875,4.726880578140275,46.976999999999705
61,61.0,323.92,233.67,0,,5.0,0.0,0.0
62,62.0,323.92,233.67,0,,5.125,0.0,0.0
63,63.0,323.92,233.67,0,,5.25,0.0,0.0
64,64.0,323.92,233.67,0,,5.375,0.0,0.0
65,65.0,309.84,235.19,1.0,5.620962142944336,5.5,14.161807794204849,0.0
66,66.0,305.9,234.63,1.0,5.776935577392578,5.625,3.979597969644671,54.62400000000012
67,67.0,304.5,234.5,1.0,5.4649858474731445,5.75,1.4060227594174766,5.588799999999905
68,68.0,304.74,234.41,1.0,5.433725833892822,5.875,0.25632011235953567,-0.32430000000000725
69,69.0,304.74,234.41,0,,6.0,0.0,0.0
70,70.0,304.75,234.29,1.0,5.623178958892822,6.125,0.12041594578792672,0.0
71,71.0,304.5,234.5,1.0,5.4649858474731445,6.25,0.32649655434629526,-0.027699999999999635
72,72.0,304.5,234.5,0,,6.375,0.0,0.0
73,73.0,304.89,234.52,1.0,5.389575481414795,6.5,0.3905124837953196,-0.0
74,74.0,304.64,234.51,1.0,5.3722243309021,6.625,0.2501999200639369,-0.09769999999999708
75,75.0,304.64,234.51,0,,6.75,0.0,0.0
76,76.0,304.96,234.36,1.0,5.274594306945801,6.875,0.35341194094143,0.0
77,77.0,305.0,234.5,1.0,5.385164737701416,7.0,0.14560219778560288,-0.008199999999988494
78,78.0,304.9,234.52,1.0,5.465987682342529,7.125,0.10198039027188,-0.0012000000000017964
79,79.0,304.9,234.52,0,,7.25,0.0,0.0
80,80.0,304.9,234.52,0,,7.375,0.0,0.0
81,81.0,305.06,234.87,1.0,5.981258869171143,7.5,0.38483762809788236,-0.0
82,82.0,298.96,235.8,1.0,5.9045305252075195,7.625,6.1704862045061155,-0.6505000000001591
83,83.0,291.62,239.48,1.0,5.629909515380859,7.75,8.210846484985545,48.19640000000002
84,84.0,287.72,241.55,1.0,4.629203796386719,7.875,4.415302934114477,36.24359999999977
85,85.0,286.08,244.79,1.0,5.258759021759033,8.0,3.6314184556451234,13.102800000000162
86,86.0,286.0,245.0,1.0,4.4721360206604,8.125,0.2247220505424441,0.8115999999999991
87,87.0,286.63,246.46,1.0,4.432018280029297,8.25,1.5901257811883993,0.2562000000000237
88,88.0,286.37,246.46,1.0,4.432018280029297,8.375,0.2599999999999909,-0.1637999999999931
89,89.0,286.29,246.94,1.0,4.899608135223389,8.5,0.4866210024238449,0.020799999999995135
90,90.0,286.29,246.94,0,,8.625,0.0,0.0
91,91.0,286.43,246.77,1.0,4.545217514038086,8.75,0.22022715545543406,0.0
92,92.0,286.53,246.68,1.0,4.975659370422363,8.875,0.13453624047071405,0.029299999999993318
93,93.0,286.19,247.0,1.0,4.820444583892822,9.0,0.4669047011971272,-0.06279999999998638
94,94.0,286.19,246.97,1.0,4.6045098304748535,9.125,0.030000000000001137,-0.009600000000000159
95,95.0,286.41,246.72,1.0,3.7962162494659424,9.25,0.33301651610695227,0.007500000000000284
96,96.0,286.2,246.86,1.0,4.570525646209717,9.375,0.25238858928251773,-0.08120000000001742
97,97.0,286.2,246.86,0,,9.5,0.0,0.0
98,98.0,286.2,246.86,0,,9.625,0.0,0.0
99,99.0,286.2,246.86,0,,9.75,0.0,0.0
100,100.0,286.1,246.81,1.0,4.732710361480713,9.875,0.11180339887496407,0.0
101,101.0,286.1,246.81,0,,10.0,0.0,0.0
102,102.0,286.2,246.74,1.0,4.644400119781494,10.125,0.12206555615730519,0.0
103,103.0,286.76,246.62,1.0,4.7856550216674805,10.25,0.5727128425310573,0.06439999999998063
104,104.0,286.76,246.62,0,,10.375,0.0,0.0
105,105.0,286.76,246.62,0,,10.5,0.0,0.0
106,106.0,286.71,246.94,1.0,4.899608135223389,10.625,0.323882694814028,0.0
107,107.0,285.76,247.5,1.0,4.608570098876953,10.75,1.102769241500678,0.22670000000000715
108,108.0,283.5,247.5,1.0,4.242640495300293,10.875,2.259999999999991,2.1469999999999656
109,109.0,282.5,241.5,1.0,3.1622776985168457,11.0,6.082762530298219,2.259999999999991
110,110.0,282.5,241.5,0,,11.125,0.0,0.0
111,111.0,282.5,241.5,0,,11.25,0.0,0.0
112,112.0,286.73,248.25,1.0,4.277985095977783,11.375,7.9658897808091815,-0.0
113,113.0,287.22,248.52,1.0,4.687765598297119,11.5,0.5594640292279874,3.8952000000001163
114,114.0,287.11,248.34,1.0,4.692133903503418,11.625,0.2109502310973028,-0.10250000000001136
115,115.0,287.0,248.0,1.0,4.4721360206604,11.75,0.35735136770412024,0.07330000000000593
116,116.0,287.08,248.57,1.0,5.05560827255249,11.875,0.5755866572463174,-0.20259999999999895
117,117.0,287.36,248.36,1.0,4.890987396240234,12.0,0.35000000000001136,-0.09729999999998899
118,118.0,287.36,248.36,1.0,4.890987396240234,12.125,0.0,0.0
119,119.0,287.16,248.0,1.0,4.341928958892822,12.25,0.41182520563948644,0.0
120,120.0,287.16,248.0,1.0,4.341928958892822,12.375,0.0,0.0
121,121.0,287.38,248.47,1.0,4.8545074462890625,12.5,0.5189412298131513,-0.0
122,122.0,287.31,248.14,1.0,4.315976142883301,12.625,0.33734255586867085,-0.17050000000000193
123,123.0,287.29,248.29,1.0,4.610671520233154,12.75,0.1513274595042188,-0.04810000000000516
124,124.0,287.45,248.15,1.0,3.864551067352295,12.875,0.21260291625466005,-0.0241999999999952
125,125.0,287.45,248.15,0,,13.0,0.0,0.0
126,126.0,287.8541564941406,248.53125,2.0,4.838462829589844,13.125,0.555602406632698,-0.0
127,127.0,287.48,248.59,1.0,4.07996129989624,13.25,0.3787408673586603,-0.12881933943181822
128,128.0,287.81,248.19,1.0,3.6345863342285156,13.375,0.5185556864985611,-0.14697164306639598
129,129.0,287.63,248.22,1.0,3.6131675243377686,13.5,0.1824828759089535,-0.0714
130,130.0,287.86,248.69,1.0,4.315976142883301,13.625,0.5232590180780522,-0.02730000000000434
131,131.0,287.86,248.69,0,,13.75,0.0,-0.0
132,132.0,287.86,248.69,0,,13.875,0.0,0.0
133,133.0,287.86,248.69,0,,14.0,0.0,0.0
134,134.0,288.37,247.78,1.0,3.6131675243377686,14.125,1.0431682510506082,0.0
135,135.0,294.5,249.5,1.0,5.099019527435303,14.25,6.366733856538998,1.5610999999999489
136,136.0,298.0,249.7,1.0,5.13286828994751,14.375,3.50570962859162,21.798999999999964
137,137.0,300.84,249.91,1.0,5.301436424255371,14.5,2.8477535005684502,9.981999999999912
138,138.0,303.16,249.91,1.0,5.301436424255371,14.625,2.32000000000005,6.588800000000084
139,139.0,306.73,249.63,1.0,5.587796688079834,14.75,3.5809635574800187,8.282400000000163
140,140.0,308.31,249.06,1.0,6.03209924697876,14.875,1.6796725871430844,5.800199999999931
141,141.0,310.9,247.7,1.0,5.414120674133301,15.0,2.925354679350849,4.867399999999917
142,142.0,311.0,247.5,1.0,5.385164737701416,15.125,0.22360679774997896,0.5310000000000437
143,143.0,313.19,246.07,1.0,5.193510055541992,15.25,2.615530538915577,0.5050000000000346
144,144.0,313.34,245.89,1.0,4.692133903503418,15.375,0.2343074902771903,0.5858999999999609
145,145.0,313.74,245.59,1.0,5.433725833892822,15.5,0.5000000000000171,0.113999999999995
146,146.0,313.84,245.81,1.0,5.620962142944336,15.625,0.2416609194718763,-0.026000000000006143
147,147.0,313.88,245.93,1.0,5.663265228271484,15.75,0.12649110640674596,0.030400000000001544
148,148.0,313.96,245.61,1.0,6.010742664337158,15.875,0.3298484500494024,-0.035199999999999634
149,149.0,313.86,245.93,1.0,5.856664657592773,16.0,0.3352610922847875,-0.11039999999999131
150,150.0,313.86,245.93,0,,16.125,0.0,0.0
151,151.0,313.86,245.93,0,,16.25,0.0,0.0
152,152.0,313.77,245.65,1.0,5.591261863708496,16.375,0.2941088233970657,0.0
153,153.0,313.65,246.0,1.0,5.1094512939453125,16.5,0.3699999999999961,-0.08719999999999459
154,154.0,313.84,245.91,1.0,5.301436424255371,16.625,0.21023796041628579,-0.05430000000000127
155,155.0,313.61,246.11,1.0,5.294888019561768,16.75,0.3047950130825454,-0.06169999999999435
156,156.0,313.61,246.11,0,,16.875,0.0,0.0
157,157.0,313.83,246.24,1.0,5.065185070037842,17.0,0.255538646783585,-0.0
158,158.0,313.84,245.91,1.0,5.301436424255371,17.125,0.3301514803843958,-0.04070000000000242
159,159.0,313.9,245.7,1.0,5.414120674133301,17.25,0.21840329667842381,0.06990000000000472
160,160.0,313.68,246.14,1.0,5.37159538269043,17.375,0.4919349550499385,-0.10560000000000175
161,161.0,314.0,245.89,1.0,5.796253204345703,17.5,0.4060788100849337,-0.18039999999998846
162,162.0,313.75,245.92,1.0,5.804244041442871,17.625,0.25179356624028354,-0.08749999999999858
163,163.0,313.5,246.0,1.0,5.0,17.75,0.2624880949681376,0.06490000000000047
164,164.0,313.5,246.0,1.0,5.0,17.875,0.0,0.0
165,165.0,313.89,245.81,1.0,5.5527472496032715,18.0,0.43382023926966395,0.0
166,166.0,311.36,239.51,1.0,5.3722243309021,18.125,6.789027912742737,0.21030000000003302
167,167.0,314.09,232.63,1.0,5.002008438110352,18.25,7.401844364751242,36.43710000000022
168,168.0,318.87,227.19,1.0,5.621143817901611,18.375,7.241684886820211,50.47659999999985
169,169.0,321.48,223.63,1.0,5.280052661895752,18.5,4.414260980050917,31.842200000000147
170,170.0,328.62,217.65,1.0,5.427450656890869,18.625,9.313431161500024,39.92420000000004
171,171.0,328.62,217.65,0,,18.75,0.0,0.0
172,172.0,337.39,209.2,1.0,5.130615234375,18.875,12.178481021868038,0.0
173,173.0,344.37,203.82,1.0,5.783337116241455,19.0,8.812763471238759,106.67560000000009
174,174.0,345.77,202.23,1.0,5.007096767425537,19.125,2.118513629882977,18.32619999999988
175,175.0,351.77,197.38,1.0,5.679900169372559,19.25,7.71508263079534,16.11149999999987
176,176.0,354.97,193.43,1.0,4.87321138381958,19.375,5.083551907869162,38.35750000000019
177,177.0,359.3,189.68,1.0,3.6131675243377686,19.5,5.728123602018367,28.6685000000001
178,178.0,357.15,192.85,1.0,4.303342342376709,19.625,3.830326356852647,-21.197000000000067
179,179.0,359.16,190.36,1.0,3.6131675243377686,19.75,3.2000312498474286,-12.214800000000078
180,180.0,359.33,190.1,1.0,3.6131675243377686,19.875,0.31064449134017513,0.9890999999999689
181,181.0,360.25,188.46,1.0,3.1622776985168457,20.0,1.8804254837669012,0.5827999999999932
182,182.0,360.41,188.1,1.0,3.1622776985168457,20.125,0.3939543120718668,0.737600000000043
183,183.0,357.46,192.63,1.0,4.432018280029297,20.25,5.405867182978165,-2.102800000000143
184,184.0,357.0,192.67,1.0,3.971238136291504,20.375,0.4617358552245867,1.5381999999999245
185,185.0,357.36,192.74,1.0,4.495105266571045,20.5,0.3667424164178625,-0.1627999999999986
186,186.0,357.37,192.78,1.0,3.6131675243377686,20.625,0.04123105625616668,0.006399999999997169
187,187.0,357.25,192.56,1.0,4.002221584320068,20.75,0.2505992817228345,-0.009999999999997157
188,188.0,357.67,193.0,1.0,3.971238136291504,20.875,0.6082762530298313,-0.14720000000000283
189,189.0,357.0,192.67,1.0,3.971238136291504,21.0,0.7468600939935335,-0.4266000000000221
190,190.0,359.03,190.34,1.0,3.6131675243377686,21.125,3.0902750686629528,-0.5911999999999902
191,191.0,357.15,192.85,1.0,4.303342342376709,21.25,3.136000637755027,-9.664699999999879
192,192.0,359.68,189.19,1.0,3.6131675243377686,21.375,4.44932579162283,-13.943000000000001
193,193.0,358.75,190.65,1.0,3.6131675243377686,21.5,1.7310401497365784,-7.69650000000007
194,194.0,358.75,190.65,0,,21.625,0.0,0.0
195,195.0,360.73,187.76,1.0,3.1622776985168457,21.75,3.503212811120694,0.0
196,196.0,357.84,192.71,1.0,3.945650577545166,21.875,5.731893229989583,-20.027700000000262
197,197.0,361.5,186.5,1.0,3.1622776985168457,22.0,7.208307707083562,-41.31690000000037
198,198.0,357.47,192.38,1.0,4.8545074462890625,22.125,7.128485112560713,-51.264600000000016
199,199.0,360.25,188.46,1.0,3.1622776985168457,22.25,4.805704943085848,-34.25299999999972
200,200.0,362.15,186.85,1.0,4.303342342376709,22.375,2.4904015740438243,11.593199999999918
201,201.0,357.5,193.0,1.0,4.123105525970459,22.5,7.7100583655378285,-18.736499999999943
202,202.0,357.5,192.76,1.0,4.608570098876953,22.625,0.2400000000000091,-1.4760000000000573
203,203.0,357.69,192.86,1.0,4.315976142883301,22.75,0.21470910553584746,-0.024000000000006367
204,204.0,357.31,192.86,1.0,4.315976142883301,22.875,0.37999999999999545,-0.07219999999999827
205,205.0,359.78,189.41,1.0,3.1622776985168457,23.0,4.243041362042087,-0.9385999999999776
206,206.0,359.78,189.41,1.0,3.1622776985168457,23.125,0.0,0.0
207,207.0,359.56,189.95,1.0,3.6131675243377686,23.25,0.5830951894845116,0.0
208,208.0,357.19,192.81,1.0,3.6345863342285156,23.375,3.7143640101637994,2.0657999999999155
209,209.0,354.92,198.58,1.0,5.004884243011475,23.5,6.200467724293066,21.882100000000076
210,210.0,354.94,203.08,1.0,5.660263538360596,23.625,4.500044444224968,25.919600000000088
211,211.0,355.6,206.09,1.0,5.788475036621094,23.75,3.081509370422225,13.558199999999948
212,212.0,358.5,209.26,1.0,5.215388774871826,23.875,4.2963821990134665,11.45569999999999
213,213.0,361.78,210.66,1.0,5.1918840408325195,24.0,3.56628658410956,13.949999999999847
214,214.0,364.35,211.0,1.0,5.1094512939453125,24.125,2.592392717163096,8.905600000000101
215,215.0,366.5,211.0,1.0,5.0,24.25,2.1499999999999773,5.525500000000049
216,216.0,368.63,211.54,1.0,4.432018280029297,24.375,2.197384809267592,4.579499999999942
217,217.0,368.9,211.81,1.0,4.732710361480713,24.5,0.38183766184073004,0.7208999999999633
218,218.0,369.1,212.19,1.0,4.732710361480713,24.625,0.4294182110716949,0.15660000000001129
219,219.0,369.1,212.19,0,,24.75,0.0,-0.0
220,220.0,369.1,212.19,0,,24.875,0.0,0.0
221,221.0,369.1,212.19,0,,25.0,0.0,0.0
222,222.0,369.1,212.19,0,,25.125,0.0,0.0
223,223.0,369.1,212.07,1.0,4.403299808502197,25.25,0.12000000000000455,0.0
224,224.0,369.1,212.07,0,,25.375,0.0,0.0
225,225.0,369.2,212.26,1.0,4.644400119781494,25.5,0.21470910553582098,-0.0
226,226.0,369.2,212.26,0,,25.625,0.0,-0.0
227,227.0,369.1,212.07,1.0,4.403299808502197,25.75,0.21470910553582098,0.0
228,228.0,369.34,212.22,1.0,5.1918840408325195,25.875,0.2830194339616606,-0.05249999999998778
229,229.0,369.34,212.22,0,,26.0,0.0,-0.0
230,230.0,369.62,212.76,1.0,4.7856550216674805,26.125,0.6082762530298286,-0.0
231,231.0,369.2,212.26,1.0,4.644400119781494,26.25,0.6529931086925905,-0.3876000000000129
232,232.0,369.2,212.26,0,,26.375,0.0,0.0
233,233.0,369.2,212.26,1.0,4.644400119781494,26.5,0.0,0.0
234,234.0,369.35,212.32,1.0,4.3034563064575195,26.625,0.16155494421406763,-0.0
235,235.0,369.35,212.32,0,,26.75,0.0,-0.0
236,236.0,369.2,212.26,1.0,4.644400119781494,26.875,0.16155494421406763,0.0
237,237.0,369.2,212.26,0,,27.0,0.0,0.0
238,238.0,369.2,212.26,0,,27.125,0.0,0.0
239,239.0,369.2,212.26,0,,27.25,0.0,0.0
240,240.0,369.2,212.26,0,,27.375,0.0,0.0
241,241.0,369.2,212.26,0,,27.5,0.0,0.0
242,242.0,369.08,212.43,1.0,5.05560827255249,27.625,0.20808652046686374,0.0
243,243.0,369.08,212.43,0,,27.75,0.0,0.0
244,244.0,369.08,212.43,0,,27.875,0.0,0.0
245,245.0,369.2,212.26,1.0,4.644400119781494,28.0,0.20808652046686374,0.0
246,246.0,369.2,212.26,0,,28.125,0.0,0.0
247,247.0,369.29,212.71,1.0,4.610671520233154,28.25,0.4589117562233736,-0.0
248,248.0,369.29,212.71,0,,28.375,0.0,-0.0
249,249.0,369.44,212.29,1.0,5.086126327514648,28.5,0.4459820624195625,0.0
250,250.0,369.44,212.29,0,,28.625,0.0,0.0
251,251.0,369.43,212.23,1.0,4.545217514038086,28.75,0.06082762530298294,0.0
252,252.0,369.43,212.23,0,,28.875,0.0,0.0
253,253.0,369.02,212.26,1.0,4.764636993408203,29.0,0.41109609582191436,0.0
254,254.0,369.02,212.26,0,,29.125,0.0,0.0
255,255.0,369.02,212.26,0,,29.25,0.0,0.0
256,256.0,369.02,212.26,0,,29.375,0.0,0.0
257,257.0,369.1,212.19,1.0,4.732710361480713,29.5,0.10630145812737281,0.0
258,258.0,369.32,212.26,1.0,5.0480475425720215,29.625,0.23086792761227368,0.012700000000007594
259,259.0,369.32,212.26,1.0,5.0480475425720215,29.75,0.0,-0.0
260,260.0,369.32,212.26,0,,29.875,0.0,0.0
261,261.0,369.71,212.71,1.0,4.610671520233154,30.0,0.5954829972383802,-0.0
262,262.0,369.71,212.71,0,,30.125,0.0,-0.0
263,263.0,369.5,213.0,1.0,4.123105525970459,30.25,0.3580502757993447,0.0
264,264.0,287.0,218.5,1.0,3.605551242828369,30.375,82.68313008105099,18.919999999998268
265,265.0,287.0,218.5,0,,30.5,0.0,0.0
266,266.0,287.0,218.5,0,,30.625,0.0,0.0
267,267.0,287.0,218.5,0,,30.75,0.0,0.0
268,268.0,287.0,218.5,0,,30.875,0.0,0.0
269,269.0,287.0,218.5,0,,31.0,0.0,0.0
270,270.0,362.7,210.75,1.0,5.430817127227783,31.125,76.09567990365812,0.0
271,271.0,361.89,208.66,1.0,4.692133903503418,31.25,2.2414727301486446,-45.11950000000014
272,272.0,361.36,208.64,1.0,4.890987396240234,31.375,0.5303772242470178,0.4711000000000005
273,273.0,360.78,207.7,1.0,4.6222052574157715,31.5,1.1045361017187456,0.3262000000000155
274,274.0,360.44,207.25,1.0,4.002221584320068,31.625,0.5640035460881188,0.6201999999999877
275,275.0,359.32,206.43,1.0,5.2422003746032715,31.75,1.3880922159568503,0.7497999999999612
276,276.0,359.66,206.89,1.0,4.692133903503418,31.875,0.5720139858430061,-0.7580000000000173
277,277.0,359.47,206.61,1.0,5.1036248207092285,32.0,0.3383784863137487,-0.19339999999998697
278,278.0,359.47,206.61,0,,32.125,0.0,0.0
279,279.0,359.15,206.53,1.0,4.838462829589844,32.25,0.3298484500494644,0.0
280,280.0,359.15,206.53,1.0,4.838462829589844,32.375,0.0,0.0
281,281.0,359.62,206.76,1.0,4.7856550216674805,32.5,0.5232590180780652,-0.0
282,282.0,359.5,206.76,1.0,4.608570098876953,32.625,0.12000000000000455,-0.05640000000000541
283,283.0,359.11,206.34,1.0,4.692133903503418,32.75,0.5731491952362655,0.04680000000000013
284,284.0,359.47,206.61,1.0,5.1036248207092285,32.875,0.45000000000001705,-0.25380000000000136
285,285.0,359.62,206.76,1.0,4.7856550216674805,33.0,0.2121320343559321,0.09449999999998926
286,286.0,358.17,205.06,1.0,5.426891803741455,33.125,2.234390297150417,-0.472499999999925
287,287.0,356.89,204.26,1.0,4.530705451965332,33.25,1.5094369811290878,3.2160000000000384
288,288.0,356.53,203.15,1.0,4.838462829589844,33.375,1.1669190203265936,1.3488000000000289
289,289.0,354.68,202.58,1.0,5.496692657470703,33.5,1.9358202395883422,1.298699999999997
290,290.0,354.68,202.58,0,,33.625,0.0,0.0
291,291.0,355.16,202.67,1.0,4.532201290130615,33.75,0.48836461788300445,-0.0
292,292.0,355.15,202.53,1.0,4.838462829589844,33.875,0.14035668847617178,-0.017400000000018373
293,293.0,355.15,202.53,0,,34.0,0.0,0.0
294,294.0,355.15,202.53,0,,34.125,0.0,0.0
295,295.0,355.32,202.47,1.0,4.975659370422363,34.25,0.18027756377321522,0.0
296,296.0,355.29,202.71,1.0,4.610671520233154,34.375,0.24186773244896212,-0.01949999999999693
297,297.0,354.76,202.5,1.0,4.608570098876953,34.5,0.5700877125495994,-0.03450000000001739
298,298.0,354.86,202.31,1.0,4.315976142883301,34.625,0.21470910553584746,-0.013100000000013975
299,299.0,355.2,202.26,1.0,5.038425445556641,34.75,0.3436568055487686,0.043500000000007276
300,300.0,355.2,202.26,0,,34.875,0.0,0.0
301,301.0,355.15,202.53,1.0,4.838462829589844,35.0,0.27459060435493177,0.0
302,302.0,355.03,202.3,1.0,4.823901176452637,35.125,0.25942243542144994,-0.056099999999998
303,303.0,354.97,202.17,1.0,4.343857288360596,35.25,0.14317821063276234,0.037099999999997885
304,304.0,354.93,202.46,1.0,5.016208648681641,35.375,0.29274562336611204,-0.035300000000010545
305,305.0,355.0,202.84,1.0,4.341928958892822,35.5,0.38639358172722743,0.1074000000000053
306,306.0,355.0,202.5,1.0,4.561553001403809,35.625,0.3400000000000034,-0.12919999999999976
307,307.0,355.0,203.0,1.0,4.4721360206604,35.75,0.5,-0.1700000000000017
308,308.0,355.47,202.61,1.0,5.1036248207092285,35.875,0.610737259384111,-0.19499999999999318
309,309.0,355.0,202.64,1.0,4.201554775238037,36.0,0.4709564735726902,-0.2326000000000146
310,310.0,354.66,202.89,1.0,4.692133903503418,36.125,0.4220189569201637,0.1672999999999907
311,311.0,354.88,202.8,1.0,4.468204498291016,36.25,0.23769728648005745,-0.0972999999999782
312,312.0,354.88,202.8,0,,36.375,0.0,0.0
313,313.0,361.5585632324219,202.2882843017578,2.0,5.086126327514648,36.5,6.6981385328526075,0.0
314,314.0,362.0,201.5,1.0,5.0,36.625,0.9034702873739819,3.3515408172737917
315,315.0,361.89,200.66,1.0,4.692133903503418,36.75,0.847171765346325,0.6136007690429653
316,316.0,361.48,200.37,1.0,5.280052661895752,36.875,0.5021951811795582,0.2886999999999964
317,317.0,361.0,199.5,1.0,5.0,37.0,0.9936297097007645,0.4490999999999866
318,318.0,361.0,199.5,0,,37.125,0.0,0.0
319,319.0,361.11,199.34,1.0,4.692133903503418,37.25,0.1941648783894809,0.0
320,320.0,361.0,199.65,1.0,5.1094512939453125,37.375,0.32893768406797724,-0.06170000000000231
321,321.0,361.0,199.16,1.0,4.341928958892822,37.5,0.4900000000000091,-0.15190000000000392
322,322.0,361.69,198.14,1.0,4.315976142883301,37.625,1.2314625451064347,0.4998000000000143
323,323.0,361.69,198.14,0,,37.75,0.0,0.0
324,324.0,361.78,197.3,1.0,4.6222052574157715,37.875,0.8448076704196958,0.0
325,325.0,367.37,192.22,1.0,3.6131675243377686,38.0,7.5534429235945435,4.770299999999747
326,326.0,362.7,193.94,1.0,3.605551242828369,38.125,4.976675597223527,-34.842900000000256
327,327.0,360.38,196.53,1.0,4.8545074462890625,38.25,3.4771396290629437,15.289200000000008
328,328.0,364.07,192.89,1.0,3.1622776985168457,38.375,5.183213289070795,-17.98840000000002
329,329.0,360.56,196.18,1.0,5.129790306091309,38.5,4.8108419221587475,-24.92750000000008
330,330.0,360.15,196.47,1.0,4.838462829589844,38.625,0.5021951811796046,2.3932000000000637
331,331.0,362.79,193.99,1.0,3.6131675243377686,38.75,3.6221540552549913,-1.801600000000061
332,332.0,360.0,196.16,1.0,4.341928958892822,38.875,3.5345438178073363,-12.74720000000012
333,333.0,360.5,196.5,1.0,5.099019527435303,39.0,0.6046486583132409,-0.6572000000000071
334,334.0,360.0,196.0,1.0,4.4721360206604,39.125,0.7071067811865476,-0.4200000000000017
335,335.0,364.65,192.3,1.0,3.1622776985168457,39.25,5.942432162002332,-0.4749999999999943
336,336.0,357.85,196.85,1.0,4.303342342376709,39.375,8.181839646436444,-48.454999999999515
337,337.0,356.89,191.9,1.0,4.296176433563232,39.5,5.042231648784093,-15.994499999999658
338,338.0,357.39,187.8,1.0,5.130615234375,39.625,4.130375285612671,19.814999999999905
339,339.0,351.68,182.53,1.0,4.975659370422363,39.75,7.770263830784633,18.752000000000024
340,340.0,349.67,179.83,1.0,3.6131675243377686,39.875,3.366021390306351,25.706099999999875
341,341.0,342.0,182.5,1.0,3.605551242828369,40.0,8.121440758880174,8.207700000000026
342,342.0,338.15,179.85,1.0,4.303342342376709,40.125,4.673863498220739,22.454000000000256
343,343.0,337.15,178.85,1.0,4.303342342376709,40.25,1.4142135623730951,6.500000000000028
344,344.0,337.54,178.63,1.0,4.432018280029297,40.375,0.4477722635447993,-0.17000000000004434
345,345.0,337.54,178.63,0,,40.5,0.0,0.0
346,346.0,336.5,178.5,1.0,3.1622776985168457,40.625,1.048093507278831,0.0
347,347.0,337.0,178.5,1.0,3.605551242828369,40.75,0.5,-0.5200000000000102
348,348.0,336.5,178.5,1.0,3.1622776985168457,40.875,0.5,-0.25
349,349.0,336.5,178.5,1.0,3.1622776985168457,41.0,0.0,0.0
350,350.0,334.15,178.15,1.0,4.303342342376709,41.125,2.375920874103366,0.0
351,351.0,331.24,177.5,1.0,5.224967002868652,41.25,2.981710918248082,7.065999999999989
352,352.0,331.24,177.5,0,,41.375,0.0,0.0
353,353.0,331.24,177.5,0,,41.5,0.0,0.0
354,354.0,330.1,187.19,1.0,4.732710361480713,41.625,9.7568283781155,0.0
355,355.0,335.26,189.74,1.0,5.681581497192383,41.75,5.7557015211005975,18.82710000000021
356,356.0,340.93,193.1,1.0,5.7944865226745605,41.875,6.590789027119597,37.8251999999999
357,357.0,352.0,198.19,1.0,5.960917949676514,42.0,12.18412902098463,79.86930000000007
358,358.0,355.92,199.24,1.0,5.205909252166748,42.125,4.058189251378026,48.73890000000021
359,359.0,359.57,200.56,1.0,5.454972267150879,42.25,3.8813528569301474,15.693999999999978
360,360.0,359.57,200.56,0,,42.375,0.0,-0.0
361,361.0,370.55,207.67,1.0,4.547507286071777,42.5,13.080997668373776,-0.0
362,362.0,375.68,212.43,1.0,5.2422003746032715,42.625,6.998178334395326,90.1710000000001
363,363.0,375.68,212.43,0,,42.75,0.0,-0.0
364,364.0,378.1,218.93,1.0,4.403299808502197,42.875,6.93587773825347,-0.0
365,365.0,377.59,219.28,1.0,3.7962162494659424,43.0,0.6185466837677207,1.0407999999998394
366,366.0,377.59,219.28,0,,43.125,0.0,0.0
367,367.0,378.2,219.74,1.0,4.644400119781494,43.25,0.764002617796578,-0.0
368,368.0,378.2,219.74,0,,43.375,0.0,-0.0
369,369.0,378.2,219.74,0,,43.5,0.0,0.0
370,370.0,378.0,219.5,1.0,4.561553001403809,43.625,0.3124099870362659,0.0
371,371.0,378.0,219.5,0,,43.75,0.0,0.0
372,372.0,377.9,219.81,1.0,4.732710361480713,43.875,0.3257299494980558,0.0
373,373.0,378.37,219.46,1.0,4.432018280029297,44.0,0.586003412959363,-0.15550000000001243
374,374.0,377.98,219.74,1.0,4.764636993408203,44.125,0.48010415536630174,-0.28130000000000305
375,375.0,377.98,219.74,0,,44.25,0.0,0.0
376,376.0,377.98,219.74,1.0,4.764636993408203,44.375,0.0,0.0
377,377.0,377.98,219.74,0,,44.5,0.0,0.0
378,378.0,377.98,219.74,1.0,4.764636993408203,44.625,0.0,0.0
379,379.0,375.62,219.06,1.0,4.751644611358643,44.75,2.456013029281415,0.0
380,380.0,375.04,220.6,1.0,5.1781768798828125,44.875,1.645600194457924,0.32159999999996525
381,381.0,376.02,224.2,1.0,5.414050102233887,45.0,3.73100522647716,4.9756
382,382.0,376.38,225.47,1.0,4.8545074462890625,45.125,1.320037878244422,4.924800000000029
383,383.0,376.14,225.69,1.0,4.315976142883301,45.25,0.32557641192200004,0.19299999999999426
384,384.0,376.24,225.18,1.0,5.065185070037842,45.375,0.5197114584074468,-0.1362000000000038
385,385.0,376.0,225.0,1.0,4.4721360206604,45.5,0.30000000000001137,0.06779999999999547
386,386.0,376.23,224.82,1.0,5.001744747161865,45.625,0.29206163733022317,-0.022800000000004005
387,387.0,376.48,225.37,1.0,5.280052661895752,45.75,0.604152298679739,-0.041500000000001244
388,388.0,382.5,223.5,1.0,3.1622776985168457,45.875,6.303752850485162,0.4764999999999717
389,389.0,376.23,225.05,1.0,5.405422210693359,46.0,6.458746008320795,-40.6438999999998
390,390.0,376.43,225.32,1.0,5.447703838348389,46.125,0.33600595232820746,-0.8354999999999503
391,391.0,376.14,225.0,1.0,4.6014556884765625,46.25,0.4318564576337924,-0.14439999999999314
392,392.0,376.2,224.74,1.0,4.644400119781494,46.375,0.2668332812825183,0.06579999999999343
393,393.0,376.1,225.19,1.0,4.732710361480713,46.5,0.4609772228646259,-0.12299999999999114
394,394.0,376.26,225.09,1.0,4.474884986877441,46.625,0.18867962264110208,-0.06099999999998767
395,395.0,376.15,225.15,1.0,4.4892377853393555,46.75,0.12529964086142975,-0.02359999999999857
396,396.0,376.08,225.42,1.0,5.004884243011475,46.875,0.27892651361960774,0.023899999999999727
397,397.0,376.15,225.15,1.0,4.303342342376709,47.0,0.27892651361960774,-0.07779999999998922
398,398.0,376.15,225.15,0,,47.125,0.0,0.0
399,399.0,376.29,224.94,1.0,4.899608135223389,47.25,0.25238858928250985,0.0
400,400.0,376.48,225.12,1.0,5.238280296325684,47.375,0.26172504656605106,-0.011199999999994978
401,401.0,376.15,224.85,1.0,4.4892377853393555,47.5,0.42638011210659504,-0.11130000000001071
402,402.0,376.45,225.25,1.0,5.2202324867248535,47.625,0.5000000000000114,-0.20700000000002167
403,403.0,382.5,224.0,1.0,3.3027756214141846,47.75,6.177782773778966,1.315000000000065
404,404.0,376.0,225.0,1.0,4.4721360206604,47.875,6.576473218982953,-40.575000000000074
405,405.0,376.0,225.0,0,,48.0,0.0,0.0
406,406.0,376.47,224.87,1.0,5.151432037353516,48.125,0.4876474136094895,0.0
407,407.0,376.47,224.85,1.0,4.838462829589844,48.25,0.020000000000010232,0.0026000000000012393
408,408.0,376.32,224.68,1.0,4.840382099151611,48.375,0.22671568097510586,0.0034000000000014895
409,409.0,376.5,231.0,1.0,5.0,48.5,6.322562771534966,-1.101399999999927
410,410.0,376.5,231.0,0,,48.625,0.0,-0.0
411,411.0,376.5,231.0,0,,48.75,0.0,0.0
412,412.0,375.56,238.73,1.0,4.666472434997559,48.875,7.786944201674996,0.0
413,413.0,374.36,242.5,1.0,4.438282489776611,49.0,3.9563746030930957,30.270100000000028
414,414.0,380.28,245.5,1.0,3.576000213623047,49.125,6.6367461907172185,4.206000000000147
415,415.0,370.59,249.28,1.0,3.7962162494659424,49.25,10.401177817920429,-46.02479999999959
416,416.0,368.3,253.45,1.0,4.8381853103637695,49.375,4.757415264615832,37.9526999999996
417,417.0,367.67,255.0,1.0,3.971238136291504,49.5,1.673140759171215,7.906199999999995
418,418.0,367.14,255.69,1.0,4.315976142883301,49.625,0.8700574693662645,1.4034000000000206
419,419.0,367.14,255.69,0,,49.75,0.0,0.0
420,420.0,366.16,256.0,1.0,4.341928958892822,49.875,1.0278618584225827,0.0
421,421.0,366.32,256.24,1.0,4.863711833953857,50.0,0.2884441020371091,-0.08239999999995924
422,422.0,366.15,256.15,1.0,4.4892377853393555,50.125,0.1923538406167424,-0.048800000000005596
423,423.0,367.91,257.1,1.0,4.692133903503418,50.25,2.0000249998438155,-0.38470000000007043
424,424.0,366.34,256.11,1.0,4.692133903503418,50.375,1.8560711193271056,-3.7037000000002163
425,425.0,366.0,256.0,1.0,4.4721360206604,50.5,0.35735136770409315,0.6426999999999923
426,426.0,366.16,256.0,1.0,4.341928958892822,50.625,0.160000000000025,-0.0544000000000045
427,427.0,366.6,256.09,1.0,4.5749969482421875,50.75,0.4491102314577052,0.07040000000001063
428,428.0,366.6,256.09,0,,50.875,0.0,-0.0
429,429.0,366.15,256.15,1.0,4.4892377853393555,51.0,0.4539823785126921,0.0
430,430.0,373.0,259.81,1.0,3.1094911098480225,51.125,7.766472815892714,-2.8629000000003115
431,431.0,366.6,256.09,1.0,4.5749969482421875,51.25,7.402594139894468,-57.45520000000018
432,432.0,366.34,256.11,1.0,4.692133903503418,51.375,0.26076809620815655,1.5896000000001553
433,433.0,366.26,256.09,1.0,4.474884986877441,51.5,0.08246211251234714,0.02039999999999814
434,434.0,369.27,257.99,1.0,5.212822437286377,51.625,3.5595083930228446,-0.27880000000002547
435,435.0,366.15,256.15,1.0,4.4892377853393555,51.75,3.622154055254987,-12.887200000000108
436,436.0,368.72,257.78,1.0,4.863711833953857,51.875,3.0433205549202738,-11.017600000000211
437,437.0,366.32,256.24,1.0,4.863711833953857,52.0,2.8515960443232578,-8.678200000000142
438,438.0,366.32,256.24,1.0,4.863711833953857,52.125,0.0,0.0
439,439.0,366.32,256.24,1.0,4.863711833953857,52.25,0.0,0.0
440,440.0,366.36,256.36,1.0,4.890987396240234,52.375,0.12649110640674596,-0.0
441,441.0,366.15,255.85,1.0,4.303342342376709,52.5,0.5515432893255388,-0.06960000000001039
442,442.0,366.32,256.24,1.0,4.863711833953857,52.625,0.42544094772367286,-0.2346000000000246
443,443.0,366.29,256.29,1.0,4.610671520233154,52.75,0.05830951894844871,0.014400000000009334
444,444.0,366.14,256.31,1.0,4.315976142883301,52.875,0.15132745950424695,0.0054999999999962475
445,445.0,366.36,256.36,1.0,4.890987396240234,53.0,0.22561028345359868,-0.032000000000012276
446,446.0,363.58,248.07,1.0,5.171520709991455,53.125,8.743712026365031,-1.0261000000001776
447,447.0,363.0,244.0,2.0,4.4721360206604,53.25,4.111119069061358,35.3527
448,448.0,363.74,243.36,1.0,4.495105266571045,53.375,0.9783659846907986,2.1755999999999465
449,449.0,365.24,241.94,1.0,4.540558338165283,53.5,2.065526567246242,2.0188000000000046
450,450.0,365.14666748046875,241.85333251953125,3.0,4.303342342376709,53.625,0.1273664452391352,-0.016930957031265487
451,451.0,367.41,241.72,1.0,3.7962162494659424,53.75,2.2672564157440025,-0.19968693305256294
452,452.0,368.159423828125,241.28985595703125,2.0,3.945650577545166,53.875,0.864094885914153,1.7535475101172548
453,453.0,368.73809814453125,241.35714721679688,2.0,4.495105266571045,54.0,0.5825736675383514,0.40472738690672866
454,454.0,370.34344482421875,241.11111450195312,2.0,4.692133903503418,54.125,1.6240905328081519,0.9124170411378145
455,455.0,370.5,239.75555419921875,2.0,4.608570098876953,54.25,1.364570722759802,0.5848375130444765
456,456.0,370.751953125,239.62014770507812,2.0,5.451833724975586,54.375,0.28603373201900634,0.22299623396247625
457,457.0,370.751953125,239.62014770507812,2.0,5.451833724975586,54.5,0.0,0.0
458,458.0,370.2416687011719,239.5,2.0,5.224967002868652,54.625,0.5242381751047339,0.0
459,459.0,370.56,239.18,1.0,5.129790306091309,54.75,0.4513699323322258,-0.12399223778397045
460,460.0,372.1047668457031,237.8095245361328,2.0,4.732710361480713,54.875,2.065068426141269,0.9302997848167972
461,461.0,372.1111145019531,237.6565704345703,2.0,4.692133903503418,55.0,0.15308576003227645,0.21942549221217736
462,462.0,372.11,237.66,1.0,4.692133903503418,55.125,0.0036061105973019245,-0.0005316405743354437
463,463.0,372.13580322265625,237.3086395263672,2.0,4.315976142883301,55.25,0.35230666858706955,-0.0012337714757754527
464,464.0,372.0,237.0,1.0,4.4721360206604,55.375,0.33719559979333186,0.10493956937454721
465,465.0,372.08,237.43,1.0,5.05560827255249,55.5,0.43737855457258457,-0.14357925415039058
466,466.0,372.08,237.43,1.0,5.05560827255249,55.625,0.0,-0.0
467,467.0,371.88,237.53,1.0,5.113492012023926,55.75,0.22360679774996628,0.0
468,468.0,372.24,237.5,1.0,4.608570098876953,55.875,0.3612478373637825,-0.07499999999999858
469,469.0,372.2,237.26,1.0,4.644400119781494,56.0,0.24331050121194112,-0.007200000000007368
470,470.0,372.2,237.26,1.0,4.644400119781494,56.125,0.0,0.0
471,471.0,371.91,236.86,1.0,4.76533842086792,56.25,0.4940647730813853,0.0
472,472.0,370.89,235.95,1.0,5.828038215637207,56.375,1.3669308687713964,0.6597999999999634
473,473.0,370.68,233.42,1.0,5.496692657470703,56.5,2.5387004549572203,2.5165000000000513
474,474.0,372.1,230.0,1.0,5.799600601196289,56.625,3.7030797993021918,8.354399999999998
475,475.0,375.59,227.28,1.0,3.7962162494659424,56.75,4.424759880490654,14.258199999999949
476,476.0,377.0,226.35,1.0,5.1094512939453125,56.875,1.6890825912311342,7.450500000000037
477,477.0,377.0,226.35,0,,57.0,0.0,0.0
478,478.0,377.0,226.35,0,,57.125,0.0,0.0
479,479.0,376.71,225.94,1.0,4.899608135223389,57.25,0.5021951811795978,0.0
480,480.0,376.88,225.2,1.0,4.468204498291016,57.375,0.759275970909141,0.2540999999999931
481,481.0,376.88,225.2,1.0,4.468204498291016,57.5,0.0,0.0
482,482.0,376.29,225.29,1.0,4.610671520233154,57.625,0.5968249324550468,0.0
483,483.0,376.83,225.78,1.0,5.101354122161865,57.75,0.7291776189653448,-0.27449999999996255
484,484.0,376.74,225.36,1.0,4.495105266571045,57.875,0.4295346318982731,-0.2543999999999809
485,485.0,376.62,225.47,1.0,4.8545074462890625,58.0,0.16278820596099042,-0.035399999999995005
486,486.0,376.76,225.5,1.0,4.608570098876953,58.125,0.14317821063275044,-0.013499999999999318
487,487.0,376.76,225.5,1.0,4.608570098876953,58.25,0.0,-0.0
488,488.0,376.74,225.36,1.0,4.495105266571045,58.375,0.14142135623729343,0.0
489,489.0,376.69,225.14,1.0,4.315976142883301,58.5,0.22561028345359868,0.03180000000000014
490,490.0,376.47,225.38,1.0,4.8545074462890625,58.625,0.32557641192198084,-0.041800000000007526
491,491.0,376.29,225.29,1.0,4.610671520233154,58.75,0.2012461179749887,0.01799999999999454
492,492.0,376.42,225.23,1.0,4.53098201751709,58.875,0.14317821063276037,-0.017999999999999655
493,493.0,376.43,225.77,1.0,4.545217514038086,59.0,0.5400925846556514,-0.031100000000003684
494,494.0,376.43,225.77,0,,59.125,0.0,-0.0
495,495.0,374.11,221.34,1.0,4.692133903503418,59.25,5.000729946717782,0.0
496,496.0,375.12,215.62,1.0,5.1610283851623535,59.375,5.808485172572964,22.99640000000006
497,497.0,374.45,210.28,1.0,4.629203796386719,59.5,5.381867705546101,29.868100000000002
498,498.0,374.0,208.84,1.0,4.341928958892822,59.625,1.5086749152816135,7.991099999999992
499,499.0,373.89,208.66,1.0,4.692133903503418,59.75,0.2109502310973028,0.3087000000000143
500,500.0,373.89,208.66,0,,59.875,0.0,0.0
501,501.0,364.71,280.77,11.0,3.1094911098480225,60.0,72.69198373961189,0.0
502,502.0,376.7,226.21,1.0,3.849656343460083,60.125,55.86191636526622,-4044.3897999999976
503,503.0,376.7,226.21,0,,60.25,0.0,0.0
504,504.0,376.7,226.21,0,,60.375,0.0,0.0
505,505.0,376.7,226.21,0,,60.5,0.0,0.0
506,506.0,376.7,226.21,0,,60.625,0.0,0.0
507,507.0,376.7,226.21,0,,60.75,0.0,0.0
508,508.0,376.7,226.21,0,,60.875,0.0,0.0
509,509.0,376.7,226.21,0,,61.0,0.0,0.0
510,510.0,376.7,226.21,0,,61.125,0.0,0.0
511,511.0,376.7,226.21,0,,61.25,0.0,0.0
512,512.0,376.7,226.21,0,,61.375,0.0,0.0
513,513.0,376.7,226.21,0,,61.5,0.0,0.0
514,514.0,376.7,226.21,0,,61.625,0.0,0.0
515,515.0,376.7,226.21,0,,61.75,0.0,0.0
516,516.0,376.7,226.21,0,,61.875,0.0,0.0
517,517.0,376.7,226.21,0,,62.0,0.0,0.0
518,518.0,376.7,226.21,0,,62.125,0.0,0.0
519,519.0,376.7,226.21,0,,62.25,0.0,0.0
520,520.0,376.7,226.21,0,,62.375,0.0,0.0
521,521.0,376.7,226.21,0,,62.5,0.0,0.0
522,522.0,376.7,226.21,0,,62.625,0.0,0.0
523,523.0,376.7,226.21,0,,62.75,0.0,0.0
524,524.0,376.7,226.21,0,,62.875,0.0,0.0
525,525.0,376.7,226.21,0,,63.0,0.0,0.0
526,526.0,376.7,226.21,0,,63.125,0.0,0.0
527,527.0,376.7,226.21,0,,63.25,0.0,0.0
528,528.0,376.7,226.21,0,,63.375,0.0,0.0
529,529.0,370.9,224.81,1.0,4.732710361480713,63.5,5.966573556070531,0.0
530,530.0,370.1,224.19,1.0,4.732710361480713,63.625,1.0121264743103664,5.507999999999756
531,531.0,372.44,223.73,1.0,4.666472434997559,63.75,2.3847851056227034,-1.5867999999998665
532,532.0,372.44,224.73,1.0,4.666472434997559,63.875,1.0,-0.46000000000000796
533,533.0,372.44,224.73,0,,64.0,0.0,0.0
534,534.0,372.81,224.0,1.0,4.820444583892822,64.125,0.8184130986243979,0.0
535,535.0,372.76,224.5,1.0,4.608570098876953,64.25,0.5024937810560456,-0.38349999999999934
536,536.0,372.5,224.0,1.0,5.0,64.375,0.5635601121442106,-0.2369999999999975
537,537.0,372.5,224.0,0,,64.5,0.0,0.0
538,538.0,372.5,224.0,0,,64.625,0.0,0.0
539,539.0,372.5,224.0,0,,64.75,0.0,0.0
540,540.0,372.5,224.0,0,,64.875,0.0,0.0
541,541.0,372.5,224.0,0,,65.0,0.0,0.0
542,542.0,364.2,217.54,1.0,5.1344475746154785,65.125,10.517680352625302,0.0
543,543.0,364.5,214.0,1.0,5.0,65.25,3.552689122340984,20.37839999999988
544,544.0,365.84,211.0,1.0,4.341928958892822,65.375,3.285665838152129,11.021999999999984
545,545.0,365.8,208.26,1.0,4.644400119781494,65.5,2.740291955248573,8.166400000000078
546,546.0,364.59,207.28,1.0,3.7962162494659424,65.625,1.557080601638871,2.7335999999999383
547,547.0,364.59,207.28,1.0,3.7962162494659424,65.75,0.0,0.0
548,548.0,364.59,207.28,0,,65.875,0.0,0.0
549,549.0,364.62,207.47,1.0,4.8545074462890625,66.0,0.19235384061671582,-0.0
550,550.0,364.53,207.15,1.0,4.838462829589844,66.125,0.3324154027718953,-0.06350000000000158
551,551.0,364.86,207.31,1.0,4.315976142883301,66.25,0.3667424164178803,-0.080900000000012
552,552.0,364.86,207.31,0,,66.375,0.0,-0.0
553,553.0,364.86,207.31,0,,66.5,0.0,0.0
554,554.0,364.86,207.31,1.0,4.315976142883301,66.625,0.0,0.0
555,555.0,364.37,207.46,1.0,4.432018280029297,66.75,0.5124451190127687,0.0
556,556.0,364.76,207.32,1.0,4.863711833953857,66.875,0.41436698710200537,-0.21209999999999987
557,557.0,359.67,204.74,1.0,4.696133136749268,67.0,5.706531345747578,-1.6238999999998849
558,558.0,357.14,198.32,1.0,5.37159538269043,67.125,6.900528965231604,29.441300000000027
559,559.0,356.35,196.72,1.0,5.329564571380615,67.25,1.784404662625584,12.270699999999922
560,560.0,355.0,194.64,1.0,4.201554775238037,67.375,2.47969756220393,4.394499999999978
561,561.0,354.85,194.15,1.0,4.4892377853393555,67.5,0.5124451190127332,1.2216999999999385
562,562.0,355.0,194.67,1.0,3.971238136291504,67.625,0.5412023651093686,-0.27729999999997423
563,563.0,354.53,194.62,1.0,4.8545074462890625,67.75,0.47265209192388424,-0.09649999999998363
564,564.0,354.54,194.63,1.0,4.432018280029297,67.875,0.014142135623758283,-0.00520000000002209
565,565.0,355.24,194.07,1.0,4.326507091522217,68.0,0.8964373932405914,0.001400000000038381
566,566.0,354.75,194.73,1.0,4.277985095977783,68.125,0.8220097323024859,-0.7126000000000003
567,567.0,354.7,194.78,1.0,4.6222052574157715,68.25,0.07071067811867082,0.05750000000001336
568,568.0,354.94,194.38,1.0,4.751644611358643,68.375,0.4664761515876336,-0.032000000000008015
569,569.0,354.54,194.63,1.0,4.432018280029297,68.5,0.4716990566028109,-0.19599999999999962
570,570.0,354.54,194.63,0,,68.625,0.0,0.0
571,571.0,354.54,194.63,0,,68.75,0.0,0.0
572,572.0,355.11,193.95,1.0,4.487804889678955,68.875,0.8872992730753257,0.0
573,573.0,354.66,194.11,1.0,4.692133903503418,69.0,0.4775981574503798,-0.36530000000000856
574,574.0,354.67,194.16,1.0,4.532201290130615,69.125,0.05099019513590934,0.0035000000000027284
575,575.0,354.67,194.16,0,,69.25,0.0,-0.0
576,576.0,340.67,188.0,1.0,3.971238136291504,69.375,15.295280317797381,0.0
577,577.0,338.5,186.5,1.0,3.1622776985168457,69.5,2.6379727064547254,39.62000000000022
578,578.0,338.5,186.5,0,,69.625,0.0,0.0
579,579.0,330.5,185.0,1.0,3.3027756214141846,69.75,8.139410298049853,0.0
580,580.0,330.5,185.0,0,,69.875,0.0,0.0
581,581.0,330.5,185.0,0,,70.0,0.0,0.0
582,582.0,330.5,185.0,0,,70.125,0.0,0.0
583,583.0,311.74,185.1,1.0,3.1622776985168457,70.25,18.760266522627006,0.0
584,584.0,307.5,194.5,1.0,3.1622776985168457,70.375,10.31201241271558,80.48240000000007
585,585.0,302.14,198.31,1.0,4.315976142883301,70.5,6.576146287910585,58.54040000000015
586,586.0,301.5,199.5,1.0,5.099019527435303,70.625,1.3511846653955104,7.9642999999999295
587,587.0,301.15,199.47,1.0,4.838462829589844,70.75,0.3512833614050287,0.1883000000000085
588,588.0,301.25,199.85,1.0,4.323126316070557,70.875,0.3929376540877714,-0.04640000000001053
589,589.0,300.89,199.56,1.0,4.757113456726074,71.0,0.46227697325305445,-0.14620000000000521
590,590.0,301.5,199.0,1.0,3.3027756214141846,71.125,0.8280700453464183,-0.057200000000017015
591,591.0,301.33,199.55,1.0,3.7268433570861816,71.25,0.5756735185849857,-0.4117000000000196
592,592.0,301.0,199.5,1.0,4.561553001403809,71.375,0.3337663853655587,0.028599999999995723
593,593.0,300.97,199.28,1.0,4.19999885559082,71.5,0.22203603311174036,0.020899999999992962
594,594.0,301.15,199.75,1.0,4.323126316070557,71.625,0.5032891812864458,-0.1087999999999928
595,595.0,301.0,199.5,1.0,4.561553001403809,71.75,0.29154759474225334,-0.1444999999999881
596,596.0,301.0,199.5,0,,71.875,0.0,0.0
597,597.0,300.9,199.26,1.0,4.332986354827881,72.0,0.2600000000000171,0.0
598,598.0,301.64,199.0,1.0,4.201554775238037,72.125,0.7843468620451086,-0.011600000000017548
599,599.0,301.64,199.0,0,,72.25,0.0,0.0
600,600.0,301.04,199.53,1.0,4.966452121734619,72.375,0.8005623023849926,0.0
601,601.0,301.0,199.5,1.0,4.123105525970459,72.5,0.05000000000001705,0.00810000000001028
602,602.0,300.85,199.85,1.0,4.303342342376709,72.625,0.38078865529318123,-0.004499999999998068
603,603.0,301.0,199.5,1.0,4.561553001403809,72.75,0.38078865529318123,-0.1449999999999892
604,604.0,301.0,199.5,1.0,4.561553001403809,72.875,0.0,0.0
605,605.0,300.95,199.62,1.0,5.12872838973999,73.0,0.13000000000000855,0.0
606,606.0,300.95,199.62,0,,73.125,0.0,0.0
607,607.0,300.95,199.62,0,,73.25,0.0,0.0
608,608.0,290.71,207.43,1.0,4.303342342376709,73.375,12.878419934137892,0.0
609,609.0,291.0,214.5,1.0,4.561553001403809,73.5,7.075945166548418,52.24709999999975
610,610.0,290.59,214.72,1.0,3.7962162494659424,73.625,0.46529560496529515,1.436499999999975
611,611.0,290.5,215.0,1.0,3.605551242828369,73.75,0.2941088233970483,0.09849999999999193
612,612.0,290.5,215.0,0,,73.875,0.0,0.0
613,613.0,288.85,222.85,1.0,4.303342342376709,74.0,8.02153351922186,0.0
614,614.0,288.85,222.85,0,,74.125,0.0,0.0
615,615.0,288.2,229.86,1.0,4.570525646209717,74.25,7.040071022369044,0.0
616,616.0,288.24,233.07,1.0,4.326507091522217,74.375,3.21024921150989,22.476099999999903
617,617.0,288.2,234.57,1.0,4.822849750518799,74.5,1.500533238552216,4.813399999999968
618,618.0,289.79,242.23,1.0,5.712489604949951,74.625,7.823279363540589,11.426399999999962
619,619.0,289.79,242.23,0,,74.75,0.0,-0.0
620,620.0,291.5,251.0,1.0,3.864328384399414,74.875,8.935155286843095,-0.0
621,621.0,291.24,251.08,1.0,4.051141738891602,75.0,0.27202941017470383,0.25700000000013135
622,622.0,291.5,251.5,1.0,3.1622776985168457,75.125,0.49396356140912334,-0.033999999999991024
623,623.0,296.37,259.54,1.0,4.432018280029297,75.25,9.399920212427357,4.642999999999865
624,624.0,298.0,262.5,1.0,4.561553001403809,75.375,3.379127106221348,31.73649999999988
625,625.0,297.51,264.76,1.0,4.692133903503418,75.5,2.3125094594401054,5.890899999999914
626,626.0,296.48,269.64,1.0,4.332986354827881,75.625,4.987514411006739,11.533499999999941
627,627.0,303.15,268.15,1.0,4.303342342376709,75.75,6.834398290998227,-14.141299999999813
628,628.0,305.33,270.0,1.0,3.971238136291504,75.875,2.859178203610281,11.784099999999906
629,629.0,305.31,270.14,1.0,4.315976142883301,76.0,0.14142135623729343,0.2154000000000175
630,630.0,305.45,270.14,1.0,3.836535930633545,76.125,0.13999999999998636,-0.0027999999999971806
631,631.0,305.15,270.15,1.0,4.303342342376709,76.25,0.30016662039608377,-0.0419999999999975
632,632.0,305.85,270.15,1.0,4.303342342376709,76.375,0.7000000000000455,-0.2100000000000216
633,633.0,305.0,270.0,1.0,4.4721360206604,76.5,0.8631338250816218,-0.5950000000000546
634,634.0,305.67,270.0,1.0,3.971238136291504,76.625,0.6700000000000159,-0.5695000000000288
635,635.0,305.33,270.0,1.0,3.971238136291504,76.75,0.34000000000003183,-0.22780000000002673
636,636.0,305.0,270.0,1.0,4.4721360206604,76.875,0.3299999999999841,0.11220000000000509
637,637.0,305.16,270.0,1.0,4.341928958892822,77.0,0.160000000000025,-0.05280000000000571
638,638.0,305.31,269.86,1.0,4.315976142883301,77.125,0.20518284528680597,0.024000000000000115
639,639.0,305.31,270.14,1.0,4.315976142883301,77.25,0.2799999999999727,-0.03919999999999236
640,640.0,305.16,270.0,1.0,4.341928958892822,77.375,0.20518284528680597,-0.03919999999999236
641,641.0,305.16,270.0,1.0,4.341928958892822,77.5,0.0,0.0
642,642.0,305.16,270.0,0,,77.625,0.0,0.0
643,643.0,305.34,270.11,1.0,4.692133903503418,77.75,0.2109502310972543,-0.0
644,644.0,305.34,270.11,0,,77.875,0.0,-0.0
645,645.0,305.15,270.15,1.0,4.303342342376709,78.0,0.19416487838946625,0.0
646,646.0,305.16,270.0,1.0,4.341928958892822,78.125,0.15033296378370956,-0.007900000000002683
647,647.0,305.33,270.0,1.0,3.971238136291504,78.25,0.16999999999995907,0.001700000000007708
648,648.0,305.15,270.15,1.0,4.303342342376709,78.375,0.2343074902771903,-0.030599999999993792
649,649.0,305.0,270.0,1.0,4.4721360206604,78.5,0.2121320343559321,0.004500000000003751
650,650.0,308.0,270.5,1.0,4.123105525970459,78.625,3.0413812651491097,-0.5249999999999204
651,651.0,311.15,274.15,1.0,4.4892377853393555,78.75,4.821306876771037,11.27499999999992
652,652.0,314.8,279.86,1.0,4.570525646209717,78.875,6.776916703044288,32.33900000000003
653,653.0,317.35,279.72,1.0,5.329564571380615,79.0,2.553840245590952,8.508100000000201
654,654.0,318.11,278.34,1.0,4.692133903503418,79.125,1.5754364474646798,2.131199999999974
655,655.0,318.38,278.53,1.0,4.8545074462890625,79.25,0.33015148038436737,-0.05700000000002309
656,656.0,318.38,278.53,0,,79.375,0.0,-0.0
657,657.0,318.56,278.71,1.0,5.086126327514648,79.5,0.25455844122716675,-0.0
658,658.0,318.76,278.5,1.0,4.608570098876953,79.625,0.28999999999997733,-0.0017999999999984348
659,659.0,318.76,278.5,0,,79.75,0.0,0.0
660,660.0,318.62,278.47,1.0,4.8545074462890625,79.875,0.14317821063274447,0.0
661,661.0,318.76,278.5,1.0,4.608570098876953,80.0,0.14317821063274447,-0.020499999999994543
662,662.0,318.76,278.5,0,,80.125,0.0,-0.0
663,663.0,319.0,278.5,1.0,4.561553001403809,80.25,0.2400000000000091,0.0
664,664.0,318.85,278.47,1.0,4.838462829589844,80.375,0.1529705854077559,-0.03599999999999591
665,665.0,318.89,277.95,1.0,4.487804889678955,80.5,0.5215361924162477,0.009599999999993338
666,666.0,319.0,278.5,1.0,4.561553001403809,80.625,0.5608921464952201,-0.28160000000003066
667,667.0,318.54,278.59,1.0,5.226017475128174,80.75,0.46872166581029373,-0.0011000000000167542
668,668.0,318.5,278.5,1.0,5.099019527435303,80.875,0.0984885780179465,0.010300000000013096
669,669.0,318.86,278.31,1.0,4.315976142883301,81.0,0.4070626487409634,0.0026999999999871294
670,670.0,318.85,278.15,1.0,4.4892377853393555,81.125,0.16031219541883837,0.026800000000007526
671,671.0,316.36,276.36,1.0,4.890987396240234,81.25,3.066626811335203,0.3113000000000164
672,672.0,316.36,276.36,0,,81.375,0.0,0.0
673,673.0,315.0,275.84,1.0,4.341928958892822,81.5,1.4560219778561303,0.0
674,674.0,315.0,275.84,1.0,4.341928958892822,81.625,0.0,0.0
675,675.0,314.89,275.66,1.0,4.692133903503418,81.75,0.2109502310972543,0.0
676,676.0,314.89,275.66,0,,81.875,0.0,0.0
677,677.0,315.0,275.84,1.0,4.341928958892822,82.0,0.2109502310972543,-0.0
678,678.0,315.0,275.84,1.0,4.341928958892822,82.125,0.0,-0.0
679,679.0,315.0,276.0,1.0,4.4721360206604,82.25,0.160000000000025,0.0
680,680.0,314.67,276.0,1.0,3.971238136291504,82.375,0.3299999999999841,0.0
681,681.0,315.0,276.0,1.0,4.4721360206604,82.5,0.3299999999999841,-0.10889999999998949
682,682.0,314.86,275.69,1.0,4.315976142883301,82.625,0.34014702703389543,-0.04619999999999327
683,683.0,314.84,276.0,1.0,4.341928958892822,82.75,0.3106444913401861,-0.09329999999999627
684,684.0,314.84,276.0,0,,82.875,0.0,0.0
685,685.0,304.81,268.81,1.0,3.6345863342285156,83.0,12.340867068403234,0.0
686,686.0,302.15,267.85,1.0,4.303342342376709,83.125,2.8279321066815046,33.58220000000003
687,687.0,301.5,267.0,1.0,4.561553001403809,83.25,1.070046727951639,2.54499999999996
688,688.0,301.0,267.0,1.0,4.0,83.375,0.5,0.32499999999998863
689,689.0,301.37,266.93,1.0,4.133206367492676,83.5,0.3765634076752578,-0.18500000000000227
690,690.0,301.0,267.0,1.0,4.4721360206604,83.625,0.3765634076752578,-0.1418000000000024
691,691.0,299.89,268.46,1.0,4.4721360206604,83.75,1.8340392580312916,0.5128999999999987
692,692.0,299.89,268.46,0,,83.875,0.0,0.0
693,693.0,301.22,267.3,1.0,4.6222052574157715,84.0,1.764794605612799,0.0
694,694.0,301.4,267.16,1.0,4.642539024353027,84.125,0.22803508501977973,0.40179999999992055
695,695.0,297.97,270.67,1.0,4.759999752044678,84.25,4.907647094076712,-1.1087999999997702
696,696.0,301.5,267.0,1.0,3.605551242828369,84.375,5.09213118448454,-24.98959999999975
697,697.0,301.5,267.0,0,,84.5,0.0,0.0
698,698.0,301.36,267.0,1.0,4.201554775238037,84.625,0.13999999999998636,0.0
699,699.0,301.15,266.85,1.0,4.303342342376709,84.75,0.25806975801129517,0.02940000000000223
700,700.0,301.71,267.16,1.0,3.945650577545166,84.875,0.6400781202322134,-0.16410000000001415
701,701.0,298.04,270.87,1.0,4.570525646209717,85.0,5.218524695735333,-0.9050999999999834
702,702.0,301.36,267.0,1.0,4.201554775238037,85.125,5.098950872483475,-26.542099999999778
703,703.0,301.4,267.16,1.0,4.642539024353027,85.25,0.16492422502472187,-0.4864000000002186
704,704.0,295.88,255.8,1.0,4.468204498291016,85.375,12.630122723077559,-2.0384000000000846
705,705.0,293.16,251.71,1.0,3.945650577545166,85.5,4.91187336970324,61.47679999999988
706,706.0,289.5,250.0,1.0,5.0,85.625,4.039764844641358,16.949099999999998
707,707.0,288.0,247.84,1.0,4.341928958892822,85.75,2.6297528400973325,9.183600000000048
708,708.0,288.38,247.53,1.0,4.8545074462890625,85.875,0.49040799340956703,0.09960000000001068
709,709.0,287.89,247.66,1.0,4.692133903503418,86.0,0.5069516742254706,-0.22650000000000012
710,710.0,281.63,249.78,1.0,3.6131675243377686,86.125,6.609235961894529,3.3430000000000435
711,711.0,288.15,247.85,1.0,4.303342342376709,86.25,6.799654402982536,-44.90679999999985
712,712.0,285.3,248.77,1.0,4.303342342376709,86.375,2.9948121810891304,-20.357599999999763
713,713.0,284.9,248.49,1.0,4.561553001403809,86.5,0.48826222462937674,0.8824000000000781
714,714.0,284.05,248.71,1.0,4.123105525970459,86.625,0.8780091115700005,0.2784000000000154
715,715.0,285.27,248.66,1.0,4.468204498291016,86.75,1.221024160285098,-1.0479999999999356
716,716.0,288.0,248.0,1.0,4.4721360206604,86.875,2.8086473612755474,3.363599999999949
717,717.0,287.26,248.11,1.0,4.4721360206604,87.0,0.7481310045707346,-2.0928000000000466
718,718.0,287.89,247.66,1.0,4.692133903503418,87.125,0.7742092740338427,-0.5157000000000104
719,719.0,284.97,248.85,1.0,4.315976142883301,87.25,3.1531730050854736,-2.3750999999999802
720,720.0,284.97,248.85,0,,87.375,0.0,0.0
721,721.0,282.69,249.11,1.0,5.05560827255249,87.5,2.294776677587635,0.0
722,722.0,287.86,247.69,1.0,4.315976142883301,87.625,5.361464352208285,-12.15680000000022
723,723.0,285.42,248.61,1.0,4.303342342376709,87.75,2.607680962081063,-13.921200000000065
724,724.0,288.0,247.64,1.0,4.201554775238037,87.875,2.7563200104487087,-7.187599999999995
725,725.0,288.0,247.5,1.0,4.123105525970459,88.0,0.13999999999998636,0.1357999999999906
726,726.0,287.23,247.68,1.0,4.608570098876953,88.125,0.7907591289387524,-0.025199999999998498
727,727.0,287.85,247.85,1.0,4.303342342376709,88.25,0.6428841264178183,-0.4467999999999933
728,728.0,286.86,247.92,1.0,4.315976142883301,88.375,0.992471662063969,-0.6019000000000122
729,729.0,283.2,249.01,1.0,4.692133903503418,88.5,3.818861086763983,3.6997000000000506
730,730.0,288.0,247.5,1.0,4.123105525970459,88.625,5.031908186761766,-19.213900000000155
731,731.0,285.18,248.46,1.0,4.608570098876953,88.75,2.9789259809535342,-14.985600000000003
732,732.0,285.18,248.46,0,,88.875,0.0,0.0
733,733.0,291.52,238.9,1.0,5.465987682342529,89.0,11.471233586672348,0.0
734,734.0,291.52,238.9,0,,89.125,0.0,0.0
735,735.0,289.26,239.64,1.0,4.495105266571045,89.25,2.378066441460358,0.0
736,736.0,289.26,239.64,0,,89.375,0.0,0.0
737,737.0,288.5,239.5,1.0,3.1622776985168457,89.5,0.7727871634544549,0.0
738,738.0,288.5,240.0,1.0,3.605551242828369,89.625,0.5,-0.06999999999999318
739,739.0,288.5,240.0,1.0,3.605551242828369,89.75,0.0,0.0
740,740.0,288.63,239.78,1.0,3.6131675243377686,89.875,0.25553864678360944,0.0
741,741.0,287.82,239.56,1.0,3.849656343460083,90.0,0.8393449827097338,-0.05689999999999712
742,742.0,288.63,239.78,1.0,3.6131675243377686,90.125,0.8393449827097338,-0.7045000000000032
743,743.0,288.63,239.78,1.0,3.6131675243377686,90.25,0.0,-0.0
744,744.0,288.5,239.5,1.0,3.1622776985168457,90.375,0.30870698080866177,0.0
745,745.0,288.63,239.78,1.0,3.6131675243377686,90.5,0.30870698080866177,-0.09529999999999945
746,746.0,288.63,239.78,1.0,3.6131675243377686,90.625,0.0,-0.0
747,747.0,286.56,239.76,1.0,3.1622776985168457,90.75,2.0700966161027297,0.0
748,748.0,288.63,239.78,1.0,3.6131675243377686,90.875,2.0700966161027297,-4.285299999999973
749,749.0,288.5,239.5,1.0,3.1622776985168457,91.0,0.30870698080866177,-0.27469999999999256
750,750.0,288.63,239.78,1.0,3.6131675243377686,91.125,0.30870698080866177,-0.09529999999999945
751,751.0,288.63,239.78,1.0,3.6131675243377686,91.25,0.0,-0.0
752,752.0,288.63,239.78,1.0,3.6131675243377686,91.375,0.0,0.0
753,753.0,287.73,239.87,1.0,3.605551242828369,91.5,0.9044888059008579,0.0
754,754.0,288.63,239.78,1.0,3.6131675243377686,91.625,0.9044888059008579,-0.8180999999999597
755,755.0,284.29,239.9,1.0,3.1094911098480225,91.75,4.341658669218457,-3.91679999999988
756,756.0,288.5,239.5,1.0,3.1622776985168457,91.875,4.228959682948021,-18.319399999999806
757,757.0,284.71,239.78,1.0,3.6131675243377686,92.0,3.8003289331319934,-16.067900000000012
758,758.0,288.21,239.54,1.0,3.605551242828369,92.125,3.5082189213331607,-13.332200000000075
759,759.0,295.81,246.58,1.0,4.951677322387695,92.25,10.359613892418995,24.91040000000001
760,760.0,297.0,251.84,1.0,4.341928958892822,92.375,5.392930557683818,46.074400000000054
761,761.0,296.6,254.09,1.0,4.5749969482421875,92.5,2.2852789764052837,11.359000000000007
762,762.0,296.6,254.09,0,,92.625,0.0,0.0
763,763.0,296.55,256.72,1.0,4.629203796386719,92.75,2.6304752422328797,0.0
764,764.0,296.8,256.57,1.0,4.822849750518799,92.875,0.2915475947422826,-0.4070000000000961
765,765.0,296.5,257.0,1.0,5.0,93.0,0.5243090691567452,-0.13950000000001853
766,766.0,296.2,256.74,1.0,4.644400119781494,93.125,0.3969886648255868,-0.021799999999991035
767,767.0,296.24,256.5,1.0,4.608570098876953,93.25,0.24331050121194112,0.05039999999999359
768,768.0,296.5,257.0,1.0,5.0,93.375,0.5635601121442106,-0.10959999999999959
769,769.0,296.24,256.5,1.0,4.608570098876953,93.5,0.5635601121442106,-0.3175999999999953
770,770.0,296.29,256.94,1.0,4.899608135223389,93.625,0.4428317965096896,-0.23300000000000137
771,771.0,301.0,258.36,1.0,4.201554775238037,93.75,4.919400369963788,0.8603000000000564
772,772.0,305.15,261.85,1.0,4.4892377853393555,93.875,5.422416435501784,24.502299999999874
773,773.0,308.66,265.89,1.0,4.692133903503418,94.0,5.351794091704206,28.66610000000003
774,774.0,309.29,268.94,1.0,4.899608135223389,94.125,3.114385974795042,14.533299999999949
775,775.0,310.5,273.5,1.0,3.1622776985168457,94.25,4.717806693793205,14.67030000000004
776,776.0,312.78,275.7,1.0,4.6222052574157715,94.375,3.1683434157300288,12.790799999999875
777,777.0,312.78,275.7,1.0,4.6222052574157715,94.5,0.0,-0.0
778,778.0,312.76,276.5,1.0,4.608570098876953,94.625,0.8002499609497132,0.0
779,779.0,312.47,275.85,1.0,4.838462829589844,94.75,0.7117583859709342,-0.5141999999999952
780,780.0,312.47,275.85,1.0,4.838462829589844,94.875,0.0,0.0
781,781.0,312.6,275.91,1.0,4.5749969482421875,95.0,0.14317821063276037,-0.0
782,782.0,313.0,276.0,1.0,4.4721360206604,95.125,0.40999999999997233,0.05739999999999393
783,783.0,313.0,276.0,0,,95.25,0.0,-0.0
784,784.0,312.89,275.66,1.0,4.692133903503418,95.375,0.35735136770409315,0.0
785,785.0,312.89,275.66,1.0,4.692133903503418,95.5,0.0,0.0
786,786.0,313.15,276.15,1.0,4.303342342376709,95.625,0.5547071299343,-0.0
787,787.0,312.71,276.06,1.0,4.899608135223389,95.75,0.4491102314577052,-0.15849999999997885
788,788.0,312.97,275.75,1.0,4.0848774909973145,95.875,0.4045985664829106,-0.08650000000002797
789,789.0,312.89,275.66,1.0,4.692133903503418,96.0,0.12041594578793145,0.007099999999977992
790,790.0,312.89,275.66,1.0,4.692133903503418,96.125,0.0,0.0
791,791.0,312.76,275.5,1.0,4.608570098876953,96.25,0.20615528128089958,0.0
792,792.0,312.9,275.69,1.0,4.952038288116455,96.375,0.236008474424109,-0.048600000000001975
793,793.0,312.89,275.66,1.0,4.692133903503418,96.5,0.03162277660165503,-0.007099999999993337
794,794.0,312.78,275.7,1.0,4.6222052574157715,96.625,0.11704699910719664,-9.999999999868122e-05
795,795.0,312.78,275.7,0,,96.75,0.0,0.0
796,796.0,312.53,275.68,1.0,4.975659370422363,96.875,0.2507987240796876,0.0
797,797.0,312.53,275.68,0,,97.0,0.0,0.0
798,798.0,312.85,276.15,1.0,4.303342342376709,97.125,0.5685947590331837,-0.0
799,799.0,312.78,275.66,1.0,5.1918840408325195,97.25,0.4949747468305431,-0.25269999999998255
800,800.0,313.03,275.68,1.0,4.8446149826049805,97.375,0.2507987240796876,-0.027300000000002638
801,801.0,312.63,275.54,1.0,4.432018280029297,97.5,0.42379240200831586,-0.1027999999999915
802,802.0,312.76,275.62,1.0,4.7856550216674805,97.625,0.15264337522472526,-0.0631999999999919
803,803.0,312.76,275.62,0,,97.75,0.0,-0.0
804,804.0,312.76,275.62,1.0,4.7856550216674805,97.875,0.0,0.0
805,805.0,312.99,275.71,1.0,4.764354705810547,98.0,0.24698178070457721,-0.0
806,806.0,312.78,275.7,1.0,4.6222052574157715,98.125,0.21023796041632228,-0.04920000000001112
807,807.0,312.78,275.7,1.0,4.6222052574157715,98.25,0.0,0.0
808,808.0,309.76,275.5,1.0,4.608570098876953,98.375,3.0266152712229357,0.0
809,809.0,309.47,275.88,1.0,5.113492012023926,98.5,0.47801673610865913,0.7997999999998902
810,810.0,304.15,272.15,1.0,4.303342342376709,98.625,6.497330220944651,0.12539999999983098
811,811.0,304.15,272.15,0,,98.75,0.0,0.0
812,812.0,299.0,268.0,1.0,4.4721360206604,98.875,6.614000302388833,0.0
813,813.0,298.69,267.41,1.0,5.367971897125244,99.0,0.6664833081180442,4.044999999999888
814,814.0,298.67,268.0,1.0,3.971238136291504,99.125,0.5903388857257921,-0.34189999999997606
815,815.0,296.03,264.75,1.0,4.0848774909973145,99.25,4.187135058724548,-1.8646999999999658
816,816.0,295.0,264.0,1.0,4.4721360206604,99.375,1.2741271522104627,5.156699999999972
817,817.0,289.4,256.1,1.0,4.0850114822387695,99.5,9.68349110600097,11.692999999999854
818,818.0,287.4,252.1,1.0,4.0850114822387695,99.625,4.4721359549996045,42.80000000000018
819,819.0,287.36,251.36,1.0,4.890987396240234,99.75,0.7410802925459349,3.039999999999871
820,820.0,287.15,251.85,1.0,4.303342342376709,99.875,0.5331041174104701,-0.3541999999999824
821,821.0,287.15,251.85,1.0,4.4892377853393555,100.0,0.0,0.0
822,822.0,287.15,251.53,1.0,4.838462829589844,100.125,0.3199999999999932,0.0
823,823.0,287.32,251.47,1.0,4.975659370422363,100.25,0.18027756377321522,0.019200000000000318
824,824.0,287.32,251.47,0,,100.375,0.0,0.0
825,825.0,287.15,251.85,1.0,4.4892377853393555,100.5,0.4162931659299753,0.0
826,826.0,287.0,251.64,1.0,4.201554775238037,100.625,0.2580697580112721,-0.05430000000000354
827,827.0,287.03,251.68,1.0,4.8446149826049805,100.75,0.05,-0.01289999999999984
828,828.0,287.0,251.5,1.0,4.561553001403809,100.875,0.18248287590894882,-0.008100000000002319
829,829.0,287.0,251.5,1.0,4.561553001403809,101.0,0.0,0.0
830,830.0,287.24,251.6,1.0,5.365307807922363,101.125,0.2600000000000062,-0.0
831,831.0,287.22,246.52,1.0,4.687765598297119,101.25,5.0800393699261654,-0.5127999999999654
832,832.0,287.22,246.52,0,,101.375,0.0,0.0
833,833.0,287.22,246.52,0,,101.5,0.0,0.0
834,834.0,287.22,246.52,0,,101.625,0.0,0.0
835,835.0,287.22,246.52,0,,101.75,0.0,0.0
836,836.0,279.19,237.81,1.0,3.6345863342285156,101.875,11.846729506492524,0.0
837,837.0,288.5,240.0,1.0,3.3027756214141846,102.0,9.564109995185127,-93.8342000000003
838,838.0,288.37,240.22,1.0,3.6131675243377686,102.125,0.25553864678360944,-0.728499999999961
839,839.0,288.5,240.0,1.0,3.3027756214141846,102.25,0.25553864678360944,-0.06529999999999832
840,840.0,288.37,240.22,1.0,3.6131675243377686,102.375,0.25553864678360944,-0.06529999999999832
841,841.0,288.37,240.22,1.0,3.6131675243377686,102.5,0.0,0.0
842,842.0,288.5,240.0,1.0,3.3027756214141846,102.625,0.25553864678360944,0.0
843,843.0,288.5,240.5,1.0,3.1622776985168457,102.75,0.5,-0.10999999999999943
844,844.0,288.5,240.5,1.0,3.1622776985168457,102.875,0.0,0.0
845,845.0,288.5,240.0,1.0,3.605551242828369,103.0,0.5,0.0
846,846.0,289.76,241.5,1.0,4.608570098876953,103.125,1.958979326077735,-0.75
847,847.0,290.76,241.93,1.0,4.326507091522217,103.25,1.088531120363587,1.9050000000000011
848,848.0,290.76,241.93,0,,103.375,0.0,-0.0
849,849.0,290.27,242.33,1.0,4.186751365661621,103.5,0.6325345840347494,0.0
850,850.0,290.41,242.28,1.0,3.7962162494659424,103.625,0.14866068747322955,-0.08860000000002728
851,851.0,290.41,242.28,0,,103.75,0.0,0.0
852,852.0,290.41,242.28,0,,103.875,0.0,0.0
853,853.0,290.41,242.28,0,,104.0,0.0,0.0
854,854.0,290.41,242.28,0,,104.125,0.0,0.0
855,855.0,290.41,242.28,0,,104.25,0.0,0.0
856,856.0,290.41,242.28,0,,104.375,0.0,0.0
857,857.0,290.41,242.28,0,,104.5,0.0,0.0
858,858.0,290.41,242.28,0,,104.625,0.0,0.0
859,859.0,292.76,241.5,1.0,4.608570098876953,104.75,2.4760654272453793,0.0
860,860.0,293.5,241.5,1.0,4.242640495300293,104.875,0.7400000000000091,1.738999999999996
861,861.0,293.5,241.5,0,,105.0,0.0,0.0
862,862.0,292.59,237.28,1.0,3.7962162494659424,105.125,4.31700127403271,0.0
863,863.0,292.5,236.5,1.0,4.242640495300293,105.25,0.7851751396981423,3.3734999999999835
864,864.0,292.41,234.72,1.0,3.7962162494659424,105.375,1.7822738285684385,1.3964999999999985
865,865.0,293.1,236.19,1.0,4.732710361480713,105.5,1.623884232326921,-2.6786999999999823
866,866.0,293.1,236.19,0,,105.625,0.0,-0.0
867,867.0,293.1,236.19,0,,105.75,0.0,0.0
868,868.0,293.1,236.19,0,,105.875,0.0,0.0
869,869.0,297.15,208.85,1.0,4.4892377853393555,106.0,27.638344740595443,0.0
870,870.0,297.15,208.85,0,,106.125,0.0,0.0
871,871.0,298.69,200.86,1.0,4.315976142883301,106.25,8.137057207615033,0.0
872,872.0,298.95,200.89,1.0,4.487804889678955,106.375,0.26172504656603585,0.1607000000002099
873,873.0,299.64,200.74,1.0,4.495105266571045,106.5,0.7061161377563822,0.1748999999999979
874,874.0,299.47,201.15,1.0,4.838462829589844,106.625,0.4438468204234241,-0.17879999999996155
875,875.0,299.16,201.0,1.0,4.341928958892822,106.75,0.3443835071544558,-0.008800000000014116
876,876.0,298.85,200.85,1.0,4.303342342376709,106.875,0.3443835071544558,0.11860000000000312
877,877.0,299.85,200.85,1.0,4.303342342376709,107.0,1.0,-0.3100000000000023
878,878.0,299.85,200.85,1.0,4.303342342376709,107.125,0.0,0.0
879,879.0,299.69,200.86,1.0,4.315976142883301,107.25,0.16031219541884015,0.0
880,880.0,300.0,200.81,1.0,3.1094911098480225,107.375,0.3140063693621557,-0.0501000000000092
881,881.0,300.0,200.5,1.0,3.605551242828369,107.5,0.3100000000000023,0.015500000000003638
882,882.0,300.0,200.5,1.0,3.605551242828369,107.625,0.0,0.0
883,883.0,299.71,200.71,1.0,4.610671520233154,107.75,0.35805027579938437,0.0
884,884.0,299.85,200.85,1.0,4.303342342376709,107.875,0.1979898987322542,-0.011200000000017144
885,885.0,299.74,201.1,1.0,4.332986354827881,108.0,0.27313000567495876,0.019599999999989928
886,886.0,299.85,200.85,1.0,4.303342342376709,108.125,0.27313000567495876,-0.074600000000003
887,887.0,299.45,200.85,1.0,3.864551067352295,108.25,0.4000000000000341,-0.044000000000009205
888,888.0,299.75,200.73,1.0,4.277985095977783,108.375,0.32310988842808247,-0.12000000000001478
889,889.0,299.91,200.4,1.0,4.5749969482421875,108.5,0.36674241641784155,0.08760000000000892
890,890.0,299.86,200.69,1.0,4.315976142883301,108.625,0.2942787793912373,-0.10369999999999584
891,891.0,299.85,200.85,1.0,4.303342342376709,108.75,0.16031219541881,0.046899999999997395
892,892.0,299.64,201.0,1.0,4.201554775238037,108.875,0.2580697580113117,0.026099999999998853
893,893.0,299.64,200.74,1.0,4.495105266571045,109.0,0.2599999999999909,-0.03900000000000011
894,894.0,300.0,200.5,1.0,4.123105525970459,109.125,0.4326661530556951,0.062400000000000184
895,895.0,300.0,200.67,1.0,3.971238136291504,109.25,0.1699999999999875,-0.040799999999998546
896,896.0,299.86,200.69,1.0,4.315976142883301,109.375,0.14142135623729746,0.0034000000000014895
897,897.0,299.69,200.86,1.0,4.315976142883301,109.5,0.24041630560344868,0.027200000000001966
898,898.0,301.5,200.0,1.0,4.561553001403809,109.625,2.003921156133652,-0.45390000000004516
899,899.0,305.5,198.0,1.0,5.0,109.75,4.47213595499958,8.960000000000036
900,900.0,309.72,191.65,1.0,5.329564571380615,109.875,7.624362268413021,29.580000000000098
901,901.0,309.72,191.65,0,,110.0,0.0,0.0
902,902.0,314.07,184.24,1.0,4.326507091522217,110.125,8.592473450642698,0.0
903,903.0,314.07,184.24,0,,110.25,0.0,0.0
904,904.0,319.81,186.19,1.0,3.6345863342285156,110.375,6.062186074346453,-0.0
905,905.0,319.81,186.19,0,,110.5,0.0,-0.0
906,906.0,319.81,186.19,0,,110.625,0.0,0.0
907,907.0,319.81,186.19,0,,110.75,0.0,0.0
908,908.0,319.81,186.19,0,,110.875,0.0,0.0
909,909.0,319.81,186.19,0,,111.0,0.0,0.0
910,910.0,319.81,186.19,0,,111.125,0.0,0.0
911,911.0,319.81,186.19,0,,111.25,0.0,0.0
912,912.0,319.81,186.19,0,,111.375,0.0,0.0
913,913.0,319.81,186.19,0,,111.5,0.0,0.0
914,914.0,319.81,186.19,0,,111.625,0.0,0.0
915,915.0,319.81,186.19,0,,111.75,0.0,0.0
916,916.0,319.81,186.19,0,,111.875,0.0,0.0
917,917.0,319.81,186.19,0,,112.0,0.0,0.0
918,918.0,319.81,186.19,0,,112.125,0.0,0.0
919,919.0,319.81,186.19,0,,112.25,0.0,0.0
920,920.0,319.81,186.19,0,,112.375,0.0,0.0
921,921.0,319.81,186.19,0,,112.5,0.0,0.0
922,922.0,319.81,186.19,0,,112.625,0.0,0.0
923,923.0,319.81,186.19,0,,112.75,0.0,0.0
924,924.0,319.81,186.19,0,,112.875,0.0,0.0
925,925.0,319.81,186.19,0,,113.0,0.0,0.0
926,926.0,319.81,186.19,0,,113.125,0.0,0.0
927,927.0,330.56,184.25,1.0,4.002221584320068,113.25,10.92364865784322,0.0
928,928.0,330.56,184.25,0,,113.375,0.0,0.0
929,929.0,331.81,184.19,1.0,3.6345863342285156,113.5,1.2514391715141413,0.0
930,930.0,331.78,184.37,1.0,3.6131675243377686,113.625,0.18248287590895818,-0.04830000000003777
931,931.0,331.5,184.5,1.0,3.1622776985168457,113.75,0.30870698080863596,0.031800000000007524
932,932.0,331.22,184.37,1.0,3.6131675243377686,113.875,0.30870698080863596,0.0614999999999859
933,933.0,331.22,184.37,0,,114.0,0.0,0.0
934,934.0,332.22,184.37,1.0,3.6131675243377686,114.125,1.0,0.0
935,935.0,332.0,184.5,1.0,3.605551242828369,114.25,0.2555386467836339,-0.22000000000002728
936,936.0,332.0,184.5,0,,114.375,0.0,0.0
937,937.0,332.0,184.5,0,,114.5,0.0,0.0
938,938.0,331.5,184.28,1.0,3.576000213623047,114.625,0.5462600113499061,0.0
939,939.0,331.19,184.19,1.0,3.6345863342285156,114.75,0.32280024783138256,0.1748000000000018
940,940.0,331.5,185.0,1.0,3.605551242828369,114.875,0.8672946442818641,-0.16900000000000437
941,941.0,331.48,184.41,1.0,4.07996129989624,115.0,0.5903388857258205,-0.48409999999999853
942,942.0,331.63,184.22,1.0,3.6131675243377686,115.125,0.24207436873818822,0.1091000000000025
943,943.0,338.0,187.5,1.0,3.3027756214141846,115.25,7.164865665174754,0.33229999999986304
944,944.0,345.5,188.24,1.0,4.608570098876953,115.375,7.536418247417006,50.20220000000006
945,945.0,348.81,189.97,1.0,4.6045098304748535,115.5,3.7348360071092785,26.105200000000025
946,946.0,349.77,189.89,1.0,5.527581214904785,115.625,0.9633275663033642,3.0391999999999135
947,947.0,351.34,190.11,1.0,4.692133903503418,115.75,1.5853390804493501,1.4895999999999563
948,948.0,351.84,190.29,1.0,3.945650577545166,115.875,0.5314132102234496,0.8245999999999968
949,949.0,354.85,185.82,1.0,3.1622776985168457,116.0,5.388970217026652,0.7004000000001206
950,950.0,354.15,192.15,1.0,4.303342342376709,116.125,6.368586970435453,-30.402100000000218
951,951.0,355.85,194.15,1.0,4.303342342376709,116.25,2.624880949681367,11.469999999999915
952,952.0,356.15,193.85,1.0,4.303342342376709,116.375,0.4242640687119044,-0.09000000000008646
953,953.0,356.09,193.56,1.0,5.203829765319824,116.5,0.2961418578992096,0.06900000000000295
954,954.0,356.09,193.56,0,,116.625,0.0,0.0
955,955.0,357.88,197.62,1.0,5.1610283851623535,116.75,4.437082374714278,-0.0
956,956.0,360.61,202.0,1.0,6.05075216293335,116.875,5.161133596410779,22.669500000000077
957,957.0,360.61,202.0,0,,117.0,0.0,-0.0
958,958.0,365.64,206.64,1.0,4.890987396240234,117.125,6.843281376649626,-0.0
959,959.0,366.39,207.53,1.0,5.1036248207092285,117.25,1.1638728452885334,7.902100000000036
960,960.0,366.39,207.53,0,,117.375,0.0,-0.0
961,961.0,367.03,207.68,1.0,4.8446149826049805,117.5,0.6573431371817798,-0.0
962,962.0,367.03,207.68,0,,117.625,0.0,-0.0
963,963.0,367.08,207.42,1.0,5.004884243011475,117.75,0.2647640458974957,0.0
964,964.0,367.08,207.42,0,,117.875,0.0,0.0
965,965.0,366.53,207.54,1.0,5.116958141326904,118.0,0.5629387178015148,0.0
966,966.0,366.88,207.47,1.0,5.113492012023926,118.125,0.3569313659515159,-0.20090000000001598
967,967.0,366.88,207.47,0,,118.25,0.0,0.0
968,968.0,366.85,207.51,1.0,5.30333137512207,118.375,0.049999999999977264,0.0
969,969.0,366.77,207.77,1.0,5.007096767425537,118.5,0.2720294101747394,0.012799999999997749
970,970.0,367.18,207.44,1.0,5.129790306091309,118.625,0.526307894677658,-0.1186000000000284
971,971.0,366.47,207.32,1.0,4.975659370422363,118.75,0.7200694410957682,-0.25150000000000633
972,972.0,366.82,207.36,1.0,5.291563987731934,118.875,0.35227829907613917,-0.25329999999997127
973,973.0,366.82,207.36,0,,119.0,0.0,-0.0
974,974.0,366.58,207.23,1.0,4.53098201751709,119.125,0.27294688127914296,0.0
975,975.0,360.36,208.64,1.0,4.890987396240234,119.25,6.377813104818894,1.3095000000000163
976,976.0,357.0,209.0,1.0,4.4721360206604,119.375,3.379230681678909,21.406800000000004
977,977.0,355.16,209.0,1.0,4.341928958892822,119.5,1.839999999999975,6.182399999999941
978,978.0,355.0,209.0,1.0,4.4721360206604,119.625,0.160000000000025,0.294400000000042
979,979.0,353.76,208.5,1.0,4.608570098876953,119.75,1.33701159306867,0.19840000000003247
980,980.0,353.34,208.22,1.0,5.1918840408325195,119.875,0.5047771785649724,0.6608000000000241
981,981.0,356.0,209.5,1.0,3.605551242828369,120.0,2.951948509036046,-1.4756000000000546
982,982.0,353.63,208.07,1.0,4.133206367492676,120.125,2.767995664736497,-8.134600000000082
983,983.0,353.62,208.06,1.0,4.751644611358643,120.25,0.014142135623718088,0.037999999999965554
984,984.0,353.71,208.29,1.0,4.610671520233154,120.375,0.24698178070455074,-0.0031999999999967376
985,985.0,353.53,208.39,1.0,5.1036248207092285,120.5,0.20591260281974322,0.006800000000001555
986,986.0,353.86,208.31,1.0,4.315976142883301,120.625,0.3395585369270289,-0.06740000000000756
987,987.0,354.0,208.84,1.0,4.341928958892822,120.75,0.5481788029466275,0.0038000000000095735
988,988.0,353.5,208.5,1.0,3.1622776985168457,120.875,0.6046486583132409,-0.25019999999999537
989,989.0,353.86,208.31,1.0,4.315976142883301,121.0,0.4070626487409634,-0.11540000000000694
990,990.0,354.0,208.5,1.0,4.561553001403809,121.125,0.236008474424109,0.014299999999997863
991,991.0,353.85,208.47,1.0,4.838462829589844,121.25,0.15297058540776146,-0.026699999999994915
992,992.0,354.1,208.19,1.0,4.732710361480713,121.375,0.37536648758247004,-0.029099999999993964
993,993.0,354.0,208.67,1.0,3.971238136291504,121.5,0.49030602688524516,-0.15940000000000337
994,994.0,350.19,208.9,1.0,4.732710361480713,121.625,3.8169359439215147,0.49140000000009326
995,995.0,345.61,208.2,1.0,5.130615234375,121.75,4.6331846498925415,17.288799999999934
996,996.0,341.78,207.26,1.0,5.491305828094482,121.875,3.9436658073422386,18.199400000000143
997,997.0,341.85,207.15,1.0,4.4892377853393555,122.0,0.13038404810406737,-0.16470000000020862
998,998.0,341.16,207.19,1.0,5.620962142944336,122.125,0.6911584478250962,-0.05270000000003289
999,999.0,341.38,207.47,1.0,4.8545074462890625,122.25,0.3560898762952798,-0.14059999999998127
1000,1000.0,341.38,207.47,0,,122.375,0.0,-0.0
