,frame,x,y,blobs,blob_size,sec,distance,dot_product
0,0,94.0,365.5,0,,-1.625,,
1,1.0,94.0,365.5,0,,-1.5,0.0,
2,2.0,94.0,365.5,0,,-1.375,0.0,0.0
3,3.0,94.0,365.5,0,,-1.25,0.0,0.0
4,4.0,94.0,365.5,0,,-1.125,0.0,0.0
5,5.0,94.0,365.5,0,,-1.0,0.0,0.0
6,6.0,94.0,365.5,0,,-0.875,0.0,0.0
7,7.0,94.0,365.5,0,,-0.75,0.0,0.0
8,8.0,94.0,365.5,0,,-0.625,0.0,0.0
9,9.0,94.0,365.5,0,,-0.5,0.0,0.0
10,10.0,94.0,365.5,0,,-0.375,0.0,0.0
11,11.0,94.0,365.5,0,,-0.25,0.0,0.0
12,12.0,94.0,365.5,0,,-0.125,0.0,0.0
13,13.0,94.0,365.5,0,,0.0,0.0,0.0
14,14.0,94.0,365.5,0,,0.125,0.0,0.0
15,15.0,94.0,365.5,0,,0.25,0.0,0.0
16,16.0,94.0,365.5,0,,0.375,0.0,0.0
17,17.0,94.0,365.5,0,,0.5,0.0,0.0
18,18.0,94.0,365.5,0,,0.625,0.0,0.0
19,19.0,94.0,365.5,0,,0.75,0.0,0.0
20,20.0,94.0,365.5,0,,0.875,0.0,0.0
21,21.0,94.0,365.5,0,,1.0,0.0,0.0
22,22.0,94.0,365.5,0,,1.125,0.0,0.0
23,23.0,94.0,365.5,0,,1.25,0.0,0.0
24,24.0,94.0,365.5,0,,1.375,0.0,0.0
25,25.0,94.0,365.5,0,,1.5,0.0,0.0
26,26.0,94.0,365.5,0,,1.625,0.0,0.0
27,27.0,94.0,365.5,0,,1.75,0.0,0.0
28,28.0,94.0,365.5,0,,1.875,0.0,0.0
29,29.0,94.0,365.5,0,,2.0,0.0,0.0
30,30.0,94.0,365.5,0,,2.125,0.0,0.0
31,31.0,94.0,365.5,0,,2.25,0.0,0.0
32,32.0,94.0,365.5,0,,2.375,0.0,0.0
33,33.0,94.0,365.5,0,,2.5,0.0,0.0
34,34.0,94.0,365.5,0,,2.625,0.0,0.0
35,35.0,94.0,365.5,0,,2.75,0.0,0.0
36,36.0,94.0,365.5,0,,2.875,0.0,0.0
37,37.0,94.0,365.5,0,,3.0,0.0,0.0
38,38.0,94.0,365.5,0,,3.125,0.0,0.0
39,39.0,94.0,365.5,0,,3.25,0.0,0.0
40,40.0,94.0,365.5,0,,3.375,0.0,0.0
41,41.0,94.0,365.5,0,,3.5,0.0,0.0
42,42.0,94.0,365.5,0,,3.625,0.0,0.0
43,43.0,94.0,365.5,0,,3.75,0.0,0.0
44,44.0,94.0,365.5,0,,3.875,0.0,0.0
45,45.0,94.0,365.5,0,,4.0,0.0,0.0
46,46.0,94.0,365.5,0,,4.125,0.0,0.0
47,47.0,94.0,365.5,0,,4.25,0.0,0.0
48,48.0,94.0,365.5,0,,4.375,0.0,0.0
49,49.0,94.0,365.5,0,,4.5,0.0,0.0
50,50.0,94.0,365.5,0,,4.625,0.0,0.0
51,51.0,94.0,365.5,0,,4.75,0.0,0.0
52,52.0,94.0,365.5,0,,4.875,0.0,0.0
53,53.0,94.0,365.5,0,,5.0,0.0,0.0
54,54.0,94.0,365.5,0,,5.125,0.0,0.0
55,55.0,94.0,365.5,1.0,3.3027756214141846,5.25,0.0,0.0
56,56.0,94.0,365.5,0,,5.375,0.0,0.0
57,57.0,94.0,365.5,0,,5.5,0.0,0.0
58,58.0,94.0,365.5,0,,5.625,0.0,0.0
59,59.0,94.0,365.5,0,,5.75,0.0,0.0
60,60.0,94.0,365.5,0,,5.875,0.0,0.0
61,61.0,94.0,365.5,0,,6.0,0.0,0.0
62,62.0,94.0,365.5,0,,6.125,0.0,0.0
63,63.0,94.0,365.5,0,,6.25,0.0,0.0
64,64.0,94.0,365.5,0,,6.375,0.0,0.0
65,65.0,94.0,365.5,0,,6.5,0.0,0.0
66,66.0,94.0,365.5,0,,6.625,0.0,0.0
67,67.0,94.0,365.5,0,,6.75,0.0,0.0
68,68.0,94.0,365.5,0,,6.875,0.0,0.0
69,69.0,94.0,365.5,0,,7.0,0.0,0.0
70,70.0,94.0,365.5,0,,7.125,0.0,0.0
71,71.0,94.0,365.5,0,,7.25,0.0,0.0
72,72.0,94.0,365.5,0,,7.375,0.0,0.0
73,73.0,94.0,365.5,0,,7.5,0.0,0.0
74,74.0,94.0,365.5,0,,7.625,0.0,0.0
75,75.0,94.0,365.5,0,,7.75,0.0,0.0
76,76.0,94.0,365.5,0,,7.875,0.0,0.0
77,77.0,94.0,365.5,0,,8.0,0.0,0.0
78,78.0,94.0,365.5,0,,8.125,0.0,0.0
79,79.0,94.0,365.5,0,,8.25,0.0,0.0
80,80.0,94.0,365.5,0,,8.375,0.0,0.0
81,81.0,94.0,365.5,0,,8.5,0.0,0.0
82,82.0,94.0,365.5,0,,8.625,0.0,0.0
83,83.0,94.0,365.5,0,,8.75,0.0,0.0
84,84.0,94.0,365.5,0,,8.875,0.0,0.0
85,85.0,94.0,365.5,0,,9.0,0.0,0.0
86,86.0,94.0,365.5,0,,9.125,0.0,0.0
87,87.0,94.0,365.5,0,,9.25,0.0,0.0
88,88.0,94.0,365.5,0,,9.375,0.0,0.0
89,89.0,94.0,365.5,0,,9.5,0.0,0.0
90,90.0,94.0,365.5,0,,9.625,0.0,0.0
91,91.0,94.0,365.5,0,,9.75,0.0,0.0
92,92.0,94.0,365.5,0,,9.875,0.0,0.0
93,93.0,94.0,365.5,0,,10.0,0.0,0.0
94,94.0,94.0,365.5,0,,10.125,0.0,0.0
95,95.0,94.0,365.5,0,,10.25,0.0,0.0
96,96.0,94.0,365.5,0,,10.375,0.0,0.0
97,97.0,94.0,364.5,1.0,4.561553001403809,10.5,1.0,0.0
98,98.0,94.0,364.5,1.0,4.561553001403809,10.625,0.0,0.0
99,99.0,94.47,364.62,1.0,4.8545074462890625,10.75,0.4850773134253962,-0.0
100,100.0,94.38,364.47,1.0,4.8545074462890625,10.875,0.17492855684534128,-0.06029999999999946
101,101.0,94.5,364.5,1.0,5.099019527435303,11.0,0.12369316876852761,-0.015299999999996044
102,102.0,94.36,364.36,1.0,4.890987396240234,11.125,0.19798989873222406,-0.020999999999996473
103,103.0,94.36,364.36,1.0,4.890987396240234,11.25,0.0,0.0
104,104.0,94.24,364.32,1.0,4.863711833953857,11.375,0.12649110640674596,0.0
105,105.0,94.24,364.32,0,,11.5,0.0,0.0
106,106.0,94.24,364.32,1.0,4.863711833953857,11.625,0.0,0.0
107,107.0,94.26,364.5,1.0,5.215388774871826,11.75,0.18110770276275623,-0.0
108,108.0,94.11,364.34,1.0,4.692133903503418,11.875,0.21931712199463524,-0.03180000000000724
109,109.0,94.62,364.38,1.0,5.385092258453369,12.0,0.5115662224971532,-0.08290000000000794
110,110.0,94.0,364.0,1.0,4.4721360206604,12.125,0.7271863585079152,-0.3314000000000131
111,111.0,94.31,363.35,1.0,5.609437942504883,12.25,0.7201388754955338,0.05479999999998558
112,112.0,94.8,363.38,1.0,5.479984283447266,12.375,0.4909175083453363,0.13240000000001795
113,113.0,94.6,363.05,1.0,5.191349983215332,12.5,0.3858756276314826,-0.10789999999999088
114,114.0,94.7,362.9,1.0,5.414120674133301,12.625,0.18027756377323256,0.029500000000006882
115,115.0,94.7,362.9,1.0,5.414120674133301,12.75,0.0,0.0
116,116.0,94.7,362.9,0,,12.875,0.0,0.0
117,117.0,94.7,362.9,1.0,5.414120674133301,13.0,0.0,0.0
118,118.0,94.56,362.68,1.0,5.569877624511719,13.125,0.26076809620808133,0.0
119,119.0,94.61,362.86,1.0,5.494783401489258,13.25,0.18681541692269985,-0.04659999999999581
120,120.0,95.02,362.3,1.0,5.288474082946777,13.375,0.6940461079784251,-0.08030000000000556
121,121.0,95.02,362.3,0,,13.5,0.0,0.0
122,122.0,94.58,362.56,1.0,5.787729740142822,13.625,0.5110772935672189,0.0
123,123.0,94.61,362.86,1.0,5.494783401489258,13.75,0.30149626863363815,0.06479999999999979
124,124.0,94.56,362.68,1.0,5.569877624511719,13.875,0.18681541692269985,-0.05550000000000407
125,125.0,94.5,362.73,1.0,5.5812668800354,14.0,0.07810249675907557,-0.006000000000002444
126,126.0,94.87,362.18,1.0,6.024228096008301,14.125,0.6628725367670739,-0.04970000000000793
127,127.0,95.0,361.0,2.0,5.656854152679443,14.25,1.1871394189395006,0.697100000000016
128,128.0,95.11,361.27,1.0,5.904196739196777,14.375,0.29154759474224795,-0.304299999999981
129,129.0,95.37,361.02,1.0,6.162876129150391,14.5,0.36069377593743235,-0.038899999999995036
130,130.0,95.32,360.83,1.0,5.821104526519775,14.625,0.1964688270438857,0.03449999999999622
131,131.0,95.31,360.96,1.0,6.0590949058532715,14.75,0.13038404810404775,-0.02419999999999918
132,132.0,95.31,360.96,1.0,6.0590949058532715,14.875,0.0,0.0
133,133.0,95.5,361.0,1.0,5.733963489532471,15.0,0.19416487838947796,-0.0
134,134.0,95.43,360.8,1.0,6.052981376647949,15.125,0.21189620100415793,-0.021300000000002185
135,135.0,95.58,360.57,1.0,5.7940354347229,15.25,0.2745906043549302,0.03550000000000265
136,136.0,95.61,360.86,1.0,5.494783401489258,15.375,0.2915475947422855,-0.062200000000010074
137,137.0,95.5,361.0,1.0,5.733963489532471,15.5,0.17804493814763747,0.0372999999999988
138,138.0,95.61,360.86,1.0,5.494783401489258,15.625,0.17804493814763747,-0.03169999999999605
139,139.0,95.53,360.81,1.0,5.342625617980957,15.75,0.09433981132057062,-0.0017999999999988572
140,140.0,95.61,360.86,1.0,5.494783401489258,15.875,0.09433981132057062,-0.008900000000000864
141,141.0,95.61,360.86,0,,16.0,0.0,-0.0
142,142.0,96.0,360.16,1.0,4.341928958892822,16.125,0.8013114251026155,0.0
143,143.0,95.92,360.57,1.0,5.05560827255249,16.25,0.4177319714840769,-0.31819999999997245
144,144.0,95.92,360.57,0,,16.375,0.0,0.0
145,145.0,96.0,360.0,1.0,4.4721360206604,16.5,0.5755866572463194,0.0
146,146.0,95.84,360.0,1.0,4.341928958892822,16.625,0.1599999999999966,-0.012799999999999454
147,147.0,92.0,355.22,1.0,6.316043853759766,16.75,6.131394621128195,0.6143999999999874
148,148.0,92.0,355.22,0,,16.875,0.0,0.0
149,149.0,87.28,354.28,1.0,5.861030578613281,17.0,4.81269155462929,0.0
150,150.0,84.9,354.1,1.0,6.4573822021484375,17.125,2.3867970169245565,11.402799999999939
151,151.0,83.08,354.69,1.0,6.209164619445801,17.25,1.9132433196015601,4.225400000000044
152,152.0,79.4,357.78,1.0,7.1978960037231445,17.375,4.80525753732303,8.520699999999922
153,153.0,79.4,357.78,0,,17.5,0.0,0.0
154,154.0,72.44,370.7,1.0,6.155499458312988,17.625,14.675421629377485,0.0
155,155.0,72.44,370.7,0,,17.75,0.0,0.0
156,156.0,71.71,372.68,1.0,6.0258893966674805,17.875,2.1102843410308663,0.0
157,157.0,71.35,373.26,1.0,6.2181715965271,18.0,0.6826419266350267,1.41119999999998
158,158.0,71.0,373.5,1.0,6.242943286895752,18.125,0.42438190347845933,0.2651999999999992
159,159.0,72.81,376.16,1.0,5.998757839202881,18.25,3.217405787276473,0.00490000000003965
160,160.0,72.81,376.16,0,,18.375,0.0,-0.0
161,161.0,72.81,376.16,0,,18.5,0.0,0.0
162,162.0,75.77,380.95,1.0,5.405422210693359,18.625,5.630781473294769,-0.0
163,163.0,75.97,380.82,1.0,6.271204948425293,18.75,0.23853720883753116,-0.03069999999996631
164,164.0,75.97,380.82,0,,18.875,0.0,0.0
165,165.0,75.97,380.82,0,,19.0,0.0,0.0
166,166.0,75.97,380.82,0,,19.125,0.0,0.0
167,167.0,75.95,381.15,1.0,6.332456111907959,19.25,0.33060550509631464,0.0
168,168.0,75.97,381.0,1.0,6.3439812660217285,19.375,0.1513274595041925,-0.049899999999989945
169,169.0,75.87,380.64,1.0,6.723239421844482,19.5,0.3736308338453997,0.05199999999999437
170,170.0,76.03,381.11,1.0,6.484668254852295,19.625,0.49648766349228113,-0.18520000000001496
171,171.0,75.98,380.93,1.0,6.414156436920166,19.75,0.18681541692269985,-0.09260000000000748
172,172.0,76.5,382.5,1.0,5.830951690673828,19.875,1.6538742394752917,-0.30860000000000776
173,173.0,76.69,382.77,1.0,6.269120693206787,20.0,0.33015148038436737,0.5226999999999676
174,174.0,76.92,382.94,1.0,6.3273420333862305,20.125,0.2860069929215145,0.08960000000000143
175,175.0,77.0,383.03,1.0,6.356332302093506,20.25,0.12041594578790313,0.03369999999999711
176,176.0,76.86,382.78,1.0,6.300107955932617,20.375,0.2865309756378883,-0.033699999999993555
177,177.0,78.35,385.28,1.0,7.169095039367676,20.5,2.9103436223236567,-0.8336000000000001
178,178.0,78.74,386.26,1.0,6.50386381149292,20.625,1.0547511554864666,3.0311000000000443
179,179.0,78.89,386.37,1.0,6.39452600479126,20.75,0.1860107523773954,0.16630000000001766
180,180.0,78.92,386.52,1.0,6.7089643478393555,20.875,0.15297058540776146,0.020999999999999887
181,181.0,78.95,386.62,1.0,6.724630832672119,21.0,0.1044030650891276,0.015900000000001205
182,182.0,79.85,388.15,1.0,6.14428186416626,21.125,1.7750774630984139,0.18000000000003283
183,183.0,81.15,390.34,1.0,6.358129024505615,21.25,2.546782283588454,4.520699999999936
184,184.0,81.42,390.24,1.0,5.988664150238037,21.375,0.28792360097774383,0.13200000000007278
185,185.0,81.42,389.95,1.0,6.274316310882568,21.5,0.29000000000002046,0.028999999999992157
186,186.0,81.53,390.08,1.0,5.9253621101379395,21.625,0.17029386365926016,-0.037700000000001344
187,187.0,81.61,390.04,1.0,6.010742664337158,21.75,0.0894427190999738,0.0036000000000046776
188,188.0,81.72,390.04,1.0,6.059844493865967,21.875,0.10999999999999943,0.008799999999999766
189,189.0,81.72,390.04,0,,22.0,0.0,0.0
190,190.0,81.42,390.04,1.0,5.742892742156982,22.125,0.29999999999999716,0.0
191,191.0,81.23,390.15,1.0,6.207540988922119,22.25,0.21954498400097786,0.05699999999999878
192,192.0,81.23,390.15,0,,22.375,0.0,0.0
193,193.0,83.85,393.05,1.0,6.332456111907959,22.5,3.9082476891824736,-0.0
194,194.0,83.74,393.62,1.0,6.463259696960449,22.625,0.5805170109479929,1.364800000000002
195,195.0,83.91,393.52,1.0,6.287447929382324,22.75,0.1972308292331732,-0.07570000000001237
196,196.0,83.84,393.5,1.0,6.515331268310547,22.875,0.07280109889279363,-0.009900000000000325
197,197.0,83.84,393.5,0,,23.0,0.0,0.0
198,198.0,85.78,396.45,1.0,6.13792085647583,23.125,3.5307364670844414,-0.0
199,199.0,85.66,397.19,1.0,6.419544219970703,23.25,0.7496665925596622,1.95020000000001
200,200.0,85.72,397.19,1.0,6.587530136108398,23.375,0.060000000000002274,-0.007200000000000545
201,201.0,86.15,396.97,1.0,6.5390424728393555,23.5,0.4830113870293255,0.025800000000001388
202,202.0,86.33,398.18,1.0,6.3054094314575195,23.625,1.2233151678941727,-0.1887999999999617
203,203.0,87.23,400.45,1.0,6.131023406982422,23.75,2.441904994056879,2.908699999999926
204,204.0,87.5,400.62,1.0,5.668845176696777,23.875,0.31906112267088144,0.628900000000031
205,205.0,87.7,400.77,1.0,6.465825080871582,24.0,0.24999999999998862,0.07949999999999849
206,206.0,87.58,400.76,1.0,5.988664150238037,24.125,0.12041594578792672,-0.02549999999999966
207,207.0,87.41,400.84,1.0,6.403538227081299,24.25,0.18788294228055413,0.019600000000001862
208,208.0,87.71,401.0,1.0,5.899795055389404,24.375,0.34000000000000924,-0.03820000000000058
209,209.0,87.67,400.92,1.0,6.359933853149414,24.5,0.0894427190999738,-0.024799999999996953
210,210.0,87.39,400.7,1.0,5.832772254943848,24.625,0.35608987629531486,0.028799999999996502
211,211.0,88.45,403.68,1.0,5.439187526702881,24.75,3.1629100524675238,-0.9524000000000872
212,212.0,88.23,403.84,1.0,5.590212821960449,24.875,0.27202941017468923,0.24359999999990878
213,213.0,88.36,404.49,1.0,5.3722243309021,25.0,0.6628725367670946,0.07539999999998592
214,214.0,88.68,404.35,1.0,5.072923183441162,25.125,0.3492849839314609,-0.0493999999999964
215,215.0,88.36,404.19,1.0,5.515748977661133,25.25,0.3577708763999841,-0.0800000000000034
216,216.0,88.68421173095703,404.4561462402344,2.0,5.039743423461914,25.375,0.41946044829167106,-0.1463311523437596
217,217.0,88.73,404.77,1.0,5.12677526473999,25.5,0.3171762098596912,0.09837609210898819
218,218.0,88.73,404.77,0,,25.625,0.0,-0.0
219,219.0,88.69,405.1,1.0,4.952038288116455,25.75,0.3324154027719346,0.0
220,220.0,89.81,408.0,1.0,4.820444583892822,25.875,3.1087618113969233,0.912200000000104
221,221.0,89.81,408.0,0,,26.0,0.0,-0.0
222,222.0,90.2,408.04,1.0,5.9045305252075195,26.125,0.39204591567825586,-0.0
223,223.0,90.2,408.04,0,,26.25,0.0,-0.0
224,224.0,90.01,407.84,1.0,6.006317138671875,26.375,0.27586228448270583,0.0
225,225.0,90.2,408.04,1.0,5.9045305252075195,26.5,0.27586228448270583,-0.07610000000001732
226,226.0,90.2,408.04,0,,26.625,0.0,-0.0
227,227.0,90.2,408.04,0,,26.75,0.0,0.0
228,228.0,91.5,409.0,1.0,5.0,26.875,1.6160445538412465,-0.0
229,229.0,93.26,408.32,1.0,5.599269390106201,27.0,1.886796226411328,1.635200000000009
230,230.0,94.0,408.19,1.0,5.960917949676514,27.125,0.7513321502504676,1.3907999999999925
231,231.0,94.75,408.25,1.0,5.704390048980713,27.25,0.7523961722390673,0.5471999999999961
232,232.0,94.8,408.33,1.0,5.803220748901367,27.375,0.09433981132055104,0.0422999999999971
233,233.0,97.26,406.86,1.0,5.855339050292969,27.5,2.8657459761814117,0.005400000000019167
234,234.0,97.26,406.86,0,,27.625,0.0,0.0
235,235.0,100.96,405.33,1.0,5.814299583435059,27.75,4.003860636935308,0.0
236,236.0,100.96,405.33,0,,27.875,0.0,0.0
237,237.0,105.0,404.5,1.0,5.385164737701416,28.0,4.124378741095442,0.0
238,238.0,105.33,404.16,1.0,4.532201290130615,28.125,0.47381430961926624,1.615399999999969
239,239.0,105.89,403.46,1.0,4.595170497894287,28.25,0.8964373932406358,0.42279999999999773
240,240.0,106.0,403.0,1.0,4.0,28.375,0.4729693436153986,0.38360000000000655
241,241.0,106.0,403.0,1.0,4.0,28.5,0.0,0.0
242,242.0,106.15,403.15,1.0,4.303342342376709,28.625,0.2121320343559522,-0.0
243,243.0,106.5,403.0,1.0,3.605551242828369,28.75,0.38078865529318123,0.030000000000007958
244,244.0,106.15,403.15,1.0,4.303342342376709,28.875,0.38078865529318123,-0.1449999999999892
245,245.0,106.31,403.14,1.0,4.315976142883301,29.0,0.16031219541881,-0.057499999999996304
246,246.0,106.33,403.0,1.0,3.971238136291504,29.125,0.14142135623729543,0.004599999999997885
247,247.0,107.0,403.0,2.0,3.4142136573791504,29.25,0.6700000000000017,0.013399999999997369
248,248.0,106.29,403.16,1.0,3.945650577545166,29.375,0.7278049189171499,-0.475699999999997
249,249.0,106.66,403.11,1.0,4.692133903503418,29.5,0.37336309405188134,-0.2706999999999939
250,250.0,107.12,403.2,1.0,4.468204498291016,29.625,0.4687216658103216,0.1656999999999987
251,251.0,108.68,401.68,1.0,4.840382099151611,29.75,2.178072542409906,0.580800000000053
252,252.0,110.0,401.0,1.0,4.4721360206604,29.875,1.484856895461644,3.0927999999999902
253,253.0,110.0,401.0,0,,30.0,0.0,0.0
254,254.0,110.0,401.0,0,,30.125,0.0,0.0
255,255.0,113.84,398.71,1.0,3.945650577545166,30.25,4.470984231687708,0.0
256,256.0,113.85,398.85,1.0,4.303342342376709,30.375,0.14035668847622446,-0.2822000000001367
257,257.0,114.0,399.0,1.0,4.4721360206604,30.5,0.2121320343559522,0.02250000000000199
258,258.0,113.85,398.85,1.0,4.303342342376709,30.625,0.2121320343559522,-0.044999999999994884
259,259.0,114.0,399.0,1.0,4.0,30.75,0.2121320343559522,-0.044999999999994884
260,260.0,113.85,398.85,1.0,4.303342342376709,30.875,0.2121320343559522,-0.044999999999994884
261,261.0,114.0,399.0,1.0,4.4721360206604,31.0,0.2121320343559522,-0.044999999999994884
262,262.0,113.5,399.0,1.0,4.123105525970459,31.125,0.5,-0.07500000000000284
263,263.0,113.81,398.81,1.0,3.6345863342285156,31.25,0.3635931792539576,-0.15500000000000114
264,264.0,113.63,399.22,1.0,3.6131675243377686,31.375,0.4477722635447879,-0.13370000000000634
265,265.0,114.19,398.81,1.0,3.6345863342285156,31.5,0.6940461079784419,-0.26890000000002473
266,266.0,114.0,399.0,1.0,4.0,31.625,0.26870057685088483,-0.18430000000000296
267,267.0,114.0,399.0,1.0,4.0,31.75,0.0,0.0
268,268.0,114.0,399.0,1.0,4.4721360206604,31.875,0.0,0.0
269,269.0,114.15,398.85,1.0,4.303342342376709,32.0,0.2121320343559522,0.0
270,270.0,114.0,399.0,1.0,4.4721360206604,32.125,0.2121320343559522,-0.044999999999994884
271,271.0,114.0,398.67,1.0,3.971238136291504,32.25,0.3299999999999841,-0.04949999999999011
272,272.0,114.0,399.0,1.0,4.4721360206604,32.375,0.3299999999999841,-0.10889999999998949
273,273.0,114.2,398.88,1.0,4.468204498291016,32.5,0.2332380757938168,-0.039599999999999594
274,274.0,113.67,399.0,1.0,3.971238136291504,32.625,0.5434151267677431,-0.12040000000000282
275,275.0,113.81,398.81,1.0,3.6345863342285156,32.75,0.23600847442411743,-0.09700000000000106
276,276.0,114.14,397.69,1.0,4.315976142883301,32.875,1.1676043850551474,0.2589999999999983
277,277.0,113.36,394.96,1.0,5.274594306945801,33.0,2.83924285681942,2.8002000000000336
278,278.0,111.2,392.52,1.0,6.32545280456543,33.125,3.2587114017660377,8.346000000000037
279,279.0,111.05,391.84,1.0,6.324769973754883,33.25,0.6963476143421553,1.983200000000027
280,280.0,107.4,384.73,1.0,6.333604335784912,33.375,7.992158657083787,5.382300000000038
281,281.0,100.85,379.15,1.0,6.14428186416626,33.5,8.60458598655395,63.581300000000034
282,282.0,100.18,378.82,1.0,6.115386962890625,33.625,0.7468600939934954,6.229899999999851
283,283.0,92.53,377.3,1.0,6.446626663208008,33.75,7.799544858515786,5.627099999999878
284,284.0,92.53,377.3,0,,33.875,0.0,0.0
285,285.0,85.75,377.83,1.0,6.60359001159668,34.0,6.80068378914944,0.0
286,286.0,85.75,377.83,0,,34.125,0.0,0.0
287,287.0,85.37,380.12,1.0,6.060691833496094,34.25,2.3213142829009796,0.0
288,288.0,84.64,381.76,1.0,6.9200849533081055,34.375,1.7951323071016134,4.033
289,289.0,83.75,383.56,1.0,6.8181281089782715,34.5,2.008008964123428,3.6016999999999983
290,290.0,83.37,384.2,1.0,6.469408988952637,34.625,0.7443117626371217,1.4901999999999789
291,291.0,83.12,384.87,1.0,6.64571475982666,34.75,0.7151223671512599,0.5237999999999999
292,292.0,83.72,384.54,1.0,6.646304607391357,34.875,0.684762732630787,-0.37109999999999316
293,293.0,83.03,384.98,1.0,6.3249335289001465,35.0,0.8183520025025874,-0.5591999999999869
294,294.0,82.85,384.95,1.0,6.1011505126953125,35.125,0.18248287590895818,0.11099999999999136
295,295.0,83.0,385.28,1.0,6.115935802459717,35.25,0.36249137920782504,-0.036900000000011327
296,296.0,82.96,384.47,1.0,6.5371270179748535,35.375,0.8109870529175618,-0.2732999999999703
297,297.0,83.05,385.26,1.0,6.847459316253662,35.5,0.7951100552753331,-0.6434999999999281
298,298.0,83.05,385.26,1.0,6.847459316253662,35.625,0.0,-0.0
299,299.0,82.91,385.25,1.0,6.6924238204956055,35.75,0.1403566884761819,0.0
300,300.0,83.06,384.63,1.0,6.274575710296631,35.875,0.6378871373526882,-0.014800000000006475
301,301.0,83.06,384.63,0,,36.0,0.0,0.0
302,302.0,83.34,385.0,1.0,6.9142303466796875,36.125,0.46400431032481154,-0.0
303,303.0,83.34,385.0,0,,36.25,0.0,-0.0
304,304.0,83.34,385.0,0,,36.375,0.0,0.0
305,305.0,83.28,385.28,1.0,6.430736541748047,36.5,0.28635642126550087,0.0
306,306.0,83.28,385.28,0,,36.625,0.0,0.0
307,307.0,83.28,385.28,0,,36.75,0.0,0.0
308,308.0,83.44,384.94,1.0,6.405692100524902,36.875,0.3757658845610946,0.0
309,309.0,83.44,384.94,0,,37.0,0.0,0.0
310,310.0,83.44,384.94,0,,37.125,0.0,0.0
311,311.0,83.44,384.94,0,,37.25,0.0,0.0
312,312.0,83.05,385.14,1.0,6.919338226318359,37.375,0.43829214001621786,0.0
313,313.0,83.03,385.39,1.0,6.972191333770752,37.5,0.25079872407968873,0.05779999999999562
314,314.0,82.5,387.0,1.0,6.5556640625,37.625,1.694992625352702,0.4131000000000013
315,315.0,81.68,389.31,1.0,6.3420538902282715,37.75,2.4512241839538054,4.153700000000033
316,316.0,80.64,391.88,1.0,5.964358806610107,37.875,2.7724537868105177,6.789499999999988
317,317.0,80.64,391.88,0,,38.0,0.0,0.0
318,318.0,81.01,391.85,1.0,6.506908893585205,38.125,0.37121422386541403,0.0
319,319.0,81.01,391.85,0,,38.25,0.0,0.0
320,320.0,81.01,391.85,0,,38.375,0.0,0.0
321,321.0,81.19,392.03,1.0,6.39224100112915,38.5,0.2545584412271165,-0.0
322,322.0,80.59,393.36,1.0,5.991055965423584,38.625,1.4590750494748725,0.13139999999994628
323,323.0,80.33,393.59,1.0,5.853855133056641,38.75,0.34713109915417384,0.46189999999995957
324,324.0,80.22,393.7,1.0,6.462529182434082,38.875,0.1555634918610497,0.053899999999999296
325,325.0,80.52,394.11,1.0,6.401506423950195,39.0,0.50803543183524,0.012100000000008826
326,326.0,80.3,393.92,1.0,5.994622707366943,39.125,0.2906888370749703,-0.14390000000000286
327,327.0,80.33,393.8,1.0,6.1996026039123535,39.25,0.12369316876853449,0.016200000000000374
328,328.0,80.32,393.56,1.0,6.70993709564209,39.375,0.24020824298929558,0.028500000000002017
329,329.0,80.14,393.68,1.0,6.419653415679932,39.5,0.21633307652783573,-0.027000000000001335
330,330.0,80.34,393.44,1.0,6.845320224761963,39.625,0.312409987036275,-0.06480000000000122
331,331.0,80.33,393.8,1.0,6.1996026039123535,39.75,0.3601388621073959,-0.08840000000000761
332,332.0,80.32,393.82,1.0,6.494790077209473,39.875,0.022360679774983915,0.007299999999993827
333,333.0,80.41,393.64,1.0,5.991055965423584,40.0,0.2012461179749887,-0.004499999999997357
334,334.0,80.31,393.92,1.0,6.61789608001709,40.125,0.29732137494639604,-0.05940000000000706
335,335.0,80.31,393.92,0,,40.25,0.0,0.0
336,336.0,80.32,393.56,1.0,6.70993709564209,40.375,0.36013886210739554,0.0
337,337.0,80.2,393.92,1.0,6.064584255218506,40.5,0.37947331922021543,-0.13080000000000863
338,338.0,80.7,394.08,1.0,5.994622707366943,40.625,0.5249761899362577,-0.002400000000004447
339,339.0,80.33,393.92,1.0,6.359933853149414,40.75,0.403112887414919,-0.2105999999999921
340,340.0,80.15,393.44,1.0,6.50198221206665,40.875,0.5126402247190663,0.1433999999999857
341,341.0,80.32,393.69,1.0,6.3420538902282715,41.0,0.30232432915661245,-0.15060000000000104
342,342.0,80.16,393.64,1.0,6.56219482421875,41.125,0.16763054614240225,-0.03970000000000026
343,343.0,80.16,393.64,0,,41.25,0.0,0.0
344,344.0,80.23,393.77,1.0,6.582220077514648,41.375,0.1476482306023335,-0.0
345,345.0,80.19,393.51,1.0,6.451714992523193,41.5,0.2630589287593101,-0.03659999999999837
346,346.0,80.22,393.7,1.0,6.462529182434082,41.625,0.19235384061671137,-0.05059999999999792
347,347.0,80.22,393.7,1.0,6.462529182434082,41.75,0.0,-0.0
348,348.0,80.33,393.59,1.0,5.853855133056641,41.875,0.1555634918610497,0.0
349,349.0,80.32,393.66,1.0,6.288254737854004,42.0,0.07071067811870499,-0.008800000000007014
350,350.0,80.19,393.5,1.0,5.621062278747559,42.125,0.20615528128089958,-0.009900000000009134
351,351.0,80.41,393.64,1.0,5.991055965423584,42.25,0.26076809620809765,-0.05100000000000017
352,352.0,80.33,393.77,1.0,6.136261463165283,42.375,0.1526433752247327,0.000599999999998057
353,353.0,80.5,395.5,1.0,5.830951690673828,42.5,1.7383325343558589,0.21129999999999466
354,354.0,80.5,395.5,0,,42.625,0.0,-0.0
355,355.0,80.5,395.5,0,,42.75,0.0,0.0
356,356.0,81.7,399.08,1.0,6.501878261566162,42.875,3.7757648231848195,-0.0
357,357.0,81.3,399.5,1.0,6.113583564758301,43.0,0.5800000000000154,1.0236000000000423
358,358.0,81.29,398.95,1.0,6.110045909881592,43.125,0.5500909015790139,-0.2270000000000171
359,359.0,81.58,399.44,1.0,5.787729740142822,43.25,0.5693856338194742,-0.27240000000000786
360,360.0,81.58,399.44,0,,43.375,0.0,-0.0
361,361.0,82.8,401.92,1.0,6.064584255218506,43.5,2.7638379113110245,-0.0
362,362.0,83.13,402.19,1.0,5.621143817901611,43.625,0.42638011210654403,1.0721999999999574
363,363.0,83.02,402.2,1.0,5.414050102233887,43.75,0.11045361017187122,-0.03360000000000226
364,364.0,82.82,402.23,1.0,5.649469375610352,43.875,0.20223748416157405,0.022300000000000222
365,365.0,82.82,402.23,0,,44.0,0.0,0.0
366,366.0,83.13,402.19,1.0,5.621143817901611,44.125,0.31256999216176057,0.0
367,367.0,83.1,402.36,1.0,5.4507551193237305,44.25,0.17262676501633656,-0.016100000000004534
368,368.0,83.1,402.36,0,,44.375,0.0,0.0
369,369.0,83.13,402.19,1.0,5.621143817901611,44.5,0.17262676501633656,0.0
370,370.0,83.58,403.96,1.0,5.742892742156982,44.625,1.8263077506269139,-0.28740000000002447
371,371.0,85.2,405.26,1.0,5.621667861938477,44.75,2.077113381594766,3.0300000000000034
372,372.0,90.93,408.25,1.0,6.056143760681152,44.875,6.463203540041122,13.169600000000077
373,373.0,93.5,409.16,1.0,5.385044574737549,45.0,2.7263528751795887,17.447000000000052
374,374.0,95.0,409.0,1.0,5.656854152679443,45.125,1.5085091978506489,3.709399999999963
375,375.0,95.35,409.0,1.0,5.1094512939453125,45.25,0.3499999999999943,0.5249999999999915
376,376.0,96.5,409.0,1.0,5.0,45.375,1.1500000000000057,0.4024999999999955
377,377.0,97.16,409.0,1.0,4.341928958892822,45.5,0.6599999999999966,0.7589999999999998
378,378.0,97.19,409.1,1.0,4.732710361480713,45.625,0.1044030650891276,0.019800000000000647
379,379.0,97.0,409.19,1.0,4.820444583892822,45.75,0.21023796041627363,0.003299999999999397
380,380.0,97.26,409.02,1.0,4.764636993408203,45.875,0.31064449134019434,-0.06469999999999757
381,381.0,97.26,409.02,1.0,4.764636993408203,46.0,0.0,0.0
382,382.0,97.19,408.9,1.0,4.732710361480713,46.125,0.1389244398945057,0.0
383,383.0,97.5,409.0,1.0,5.0,46.25,0.3257299494980558,-0.033700000000005635
384,384.0,97.5,409.0,0,,46.375,0.0,-0.0
385,385.0,97.0,409.0,1.0,4.4721360206604,46.5,0.5,0.0
386,386.0,97.0,409.0,0,,46.625,0.0,0.0
387,387.0,97.5,409.0,1.0,5.0,46.75,0.5,0.0
388,388.0,97.34,409.11,1.0,4.692133903503418,46.875,0.1941648783894809,-0.0799999999999983
389,389.0,97.5,409.0,1.0,5.0,47.0,0.1941648783894809,-0.03770000000000191
390,390.0,97.16,409.09,1.0,5.301436424255371,47.125,0.3517101079013764,-0.06429999999999786
391,391.0,97.69,409.14,1.0,4.315976142883301,47.25,0.5323532661682487,-0.1757000000000024
392,392.0,97.16,409.0,1.0,4.341928958892822,47.375,0.5481788029466275,-0.2879000000000021
393,393.0,97.5,409.0,1.0,4.123105525970459,47.5,0.3400000000000034,-0.1802000000000022
394,394.0,97.5,409.0,0,,47.625,0.0,0.0
395,395.0,100.19,406.16,1.0,5.620962142944336,47.75,3.9117387438324465,0.0
396,396.0,101.2,403.96,1.0,5.9045305252075195,47.875,2.4207643421035865,8.964900000000085
397,397.0,101.24,401.32,1.0,6.2583112716674805,48.0,2.640303012913466,5.848400000000082
398,398.0,101.41,398.36,1.0,5.991055965423584,48.125,2.9648777377827704,7.821199999999904
399,399.0,101.41,398.36,0,,48.25,0.0,0.0
400,400.0,99.92,385.45,1.0,6.550547122955322,48.375,12.995699288610853,0.0
401,401.0,99.92,385.45,0,,48.5,0.0,0.0
402,402.0,96.81,377.86,1.0,6.1925177574157715,48.625,8.202450853251095,0.0
403,403.0,94.78,377.07,1.0,5.866517543792725,48.75,2.178302091079205,12.309400000000139
404,404.0,91.33,378.88,1.0,6.286642551422119,48.875,3.895972279162164,5.573599999999971
405,405.0,91.33,378.88,0,,49.0,0.0,0.0
406,406.0,87.17,379.3,1.0,6.108039379119873,49.125,4.181148167668778,0.0
407,407.0,84.88,379.3,1.0,5.944339275360107,49.25,2.2900000000000063,9.526400000000018
408,408.0,84.3,379.2,1.0,5.836461067199707,49.375,0.5885575587824886,1.3281999999999998
409,409.0,84.65,379.4,1.0,5.833725929260254,49.5,0.40311288741492923,-0.22300000000000775
410,410.0,84.45,379.25,1.0,6.198043346405029,49.625,0.24999999999998862,-0.09999999999999645
411,411.0,84.5,379.5,1.0,5.830951690673828,49.75,0.25495097567963865,-0.04749999999999389
412,412.0,84.06,379.5,1.0,6.481945991516113,49.875,0.4399999999999977,-0.021999999999998635
413,413.0,84.58,379.47,1.0,5.937404155731201,50.0,0.5208646657242112,-0.22879999999999706
414,414.0,84.29,379.68,1.0,6.438621997833252,50.125,0.3580502757993447,-0.15709999999998836
415,415.0,84.0,379.5,1.0,6.082762718200684,50.25,0.34132096331752915,0.046300000000001756
416,416.0,84.0,379.5,0,,50.375,0.0,0.0
417,417.0,84.52,379.59,1.0,6.44510555267334,50.5,0.5277309920783423,-0.0
418,418.0,84.52,379.59,0,,50.625,0.0,-0.0
419,419.0,78.81,380.29,1.0,6.530206680297852,50.75,5.752747169831123,0.0
420,420.0,77.1,380.34,1.0,6.387126445770264,50.875,1.7107308379754025,9.799100000000005
421,421.0,76.44,380.42,1.0,5.787729740142822,51.0,0.664830805543788,1.1325999999999978
422,422.0,76.92,380.55,1.0,6.4909348487854,51.125,0.4972926703662569,-0.306399999999996
423,423.0,76.68,380.52,1.0,6.053204536437988,51.25,0.24186773244895507,-0.1191000000000022
424,424.0,73.44,380.61,1.0,5.852033615112305,51.375,3.241249758966449,0.774899999999982
425,425.0,69.27,380.94,1.0,6.292994499206543,51.5,4.183037174111653,13.540500000000053
426,426.0,69.27,380.97,1.0,6.56016731262207,51.625,0.03000000000002956,0.009900000000009276
427,427.0,68.6,381.13,1.0,6.396130561828613,51.75,0.6888396039717752,0.004800000000003774
428,428.0,68.66,381.33,1.0,6.715731620788574,51.875,0.20880613017820077,-0.00820000000000981
429,429.0,68.66,381.33,0,,52.0,0.0,-0.0
430,430.0,68.76,380.95,1.0,6.815747261047363,52.125,0.39293765408776776,0.0
431,431.0,68.72,381.02,1.0,6.779446601867676,52.25,0.08062257748298268,-0.03059999999999806
432,432.0,68.5,381.16,1.0,6.4302144050598145,52.375,0.2607680962081282,0.0186000000000034
433,433.0,68.57,381.13,1.0,6.403196334838867,52.5,0.07615773105864446,-0.019600000000003854
434,434.0,68.6,381.3,1.0,6.142532825469971,52.625,0.17262676501633656,-0.003000000000005627
435,435.0,29.5,388.5,1.0,3.1622776985168457,52.75,39.75738925030163,0.051000000000068324
436,436.0,68.32,381.25,1.0,6.655436992645264,52.875,39.49120028563325,-1570.0619999999994
437,437.0,68.77,381.32,1.0,6.446117877960205,53.0,0.4554119014694298,16.961500000000157
438,438.0,68.77,381.32,0,,53.125,0.0,-0.0
439,439.0,64.83,382.19,1.0,5.780245780944824,53.25,4.034910160090307,0.0
440,440.0,64.9,382.26,1.0,5.619037628173828,53.375,0.09899494936611705,-0.2149000000000346
441,441.0,64.72,382.28,1.0,5.861030578613281,53.5,0.1811077027627531,-0.011200000000003218
442,442.0,64.72,382.28,0,,53.625,0.0,0.0
443,443.0,65.14,382.58,1.0,6.5245490074157715,53.75,0.5161395160225657,-0.0
444,444.0,65.14,382.58,0,,53.875,0.0,-0.0
445,445.0,65.14,382.61,1.0,5.494783401489258,54.0,0.03000000000002956,0.0
446,446.0,71.92,380.66,1.0,3.1622776985168457,54.125,7.0548493959828775,-0.0585000000000573
447,447.0,64.93,382.58,1.0,6.364443778991699,54.25,7.248896467739057,-51.136199999999874
448,448.0,64.93,382.58,0,,54.375,0.0,0.0
449,449.0,64.86,382.67,1.0,6.372873306274414,54.5,0.11401754250994346,0.0
450,450.0,64.86,382.42,1.0,6.5245490074157715,54.625,0.25,-0.022500000000007958
451,451.0,64.79,382.54,1.0,6.336350917816162,54.75,0.13892443989449854,-0.030000000000001137
452,452.0,64.75757598876953,382.57574462890625,2.0,5.988664150238037,54.875,0.048259662244135415,0.006559036254880736
453,453.0,64.75,382.46,1.0,6.581949710845947,55.0,0.11599230460028942,-0.0038916048631986518
454,454.0,64.37,382.62,1.0,6.178299427032471,55.125,0.41231056256177157,-0.015640264892584327
455,455.0,64.35,382.6,1.0,6.0037431716918945,55.25,0.028284271247456274,0.004400000000006208
456,456.0,64.87,382.28,1.0,5.8943071365356445,55.375,0.6105735008989849,-0.004000000000010345
457,457.0,64.77,382.5,1.0,6.304035663604736,55.5,0.2416609194719198,-0.1224000000000252
458,458.0,64.5,382.5,1.0,5.830951690673828,55.625,0.269999999999996,0.027000000000001904
459,459.0,64.84,382.3,1.0,5.8891754150390625,55.75,0.3944616584663176,-0.09179999999999956
460,460.0,64.5,382.67,1.0,6.128873348236084,55.875,0.5024937810560501,-0.18959999999999905
461,461.0,64.44,382.42,1.0,5.787729740142822,56.0,0.2570992026436493,-0.07210000000000016
462,462.0,64.44,382.42,1.0,5.787729740142822,56.125,0.0,0.0
463,463.0,65.05,382.42,1.0,6.274316310882568,56.25,0.6099999999999994,0.0
464,464.0,64.5,382.5,1.0,5.830951690673828,56.375,0.5557877292636051,-0.33549999999999797
465,465.0,64.5,382.5,0,,56.5,0.0,0.0
466,466.0,64.5,382.5,0,,56.625,0.0,0.0
467,467.0,64.25,383.03,1.0,6.079318046569824,56.75,0.5860034129593198,0.0
468,468.0,64.14,382.72,1.0,5.7549896240234375,56.875,0.3289376840679189,-0.13679999999996276
469,469.0,64.14,382.61,1.0,5.494783401489258,57.0,0.11000000000001364,0.03409999999999823
470,470.0,64.32,382.71,1.0,5.562380313873291,57.125,0.205912602819717,-0.010999999999997612
471,471.0,64.32,382.71,1.0,5.562380313873291,57.25,0.0,-0.0
472,472.0,64.12,382.48,1.0,5.238280296325684,57.375,0.30479501308252677,0.0
473,473.0,64.33,382.91,1.0,5.9966044425964355,57.5,0.47853944456021935,-0.14089999999998132
474,474.0,64.04,382.64,1.0,5.274594306945801,57.625,0.3962322551231995,-0.17700000000001498
475,475.0,64.28,382.65,1.0,5.329564571380615,57.75,0.24020824298928078,-0.07229999999999454
476,476.0,63.88,382.52,1.0,5.238280296325684,57.875,0.42059481689625905,-0.09729999999999639
477,477.0,64.04,382.64,1.0,5.274594306945801,58.0,0.20000000000000567,-0.0796000000000013
478,478.0,64.07,382.86,1.0,5.856664657592773,58.125,0.22203603311177045,0.031200000000002295
479,479.0,63.76,382.5,1.0,5.224967002868652,58.25,0.4750789408087953,-0.08850000000000863
480,480.0,63.76,382.5,1.0,5.224967002868652,58.375,0.0,0.0
481,481.0,63.62,382.62,1.0,5.385092258453369,58.5,0.18439088914586113,0.0
482,482.0,63.62,382.62,0,,58.625,0.0,0.0
483,483.0,63.62,382.62,0,,58.75,0.0,0.0
484,484.0,68.5,381.5,2.0,3.1622776985168457,58.875,5.006875273062036,0.0
485,485.0,68.5,381.5,0,,59.0,0.0,0.0
486,486.0,64.5,381.5,1.0,3.1622776985168457,59.125,4.0,0.0
487,487.0,64.5,381.5,0,,59.25,0.0,0.0
488,488.0,64.5,381.5,0,,59.375,0.0,0.0
489,489.0,64.5,381.5,0,,59.5,0.0,0.0
490,490.0,64.5,381.5,0,,59.625,0.0,0.0
491,491.0,64.5,381.5,0,,59.75,0.0,0.0
492,492.0,64.5,381.5,0,,59.875,0.0,0.0
493,493.0,100.5,419.0,6.0,3.605551242828369,60.0,51.983170353490365,-0.0
494,494.0,88.0,407.0,2.0,3.6502814292907715,60.125,17.327723451163457,-900.0
495,495.0,88.0,407.0,0,,60.25,0.0,0.0
496,496.0,88.0,407.0,0,,60.375,0.0,0.0
497,497.0,88.0,407.0,0,,60.5,0.0,0.0
498,498.0,88.0,407.0,0,,60.625,0.0,0.0
499,499.0,88.0,407.0,0,,60.75,0.0,0.0
500,500.0,88.0,407.0,0,,60.875,0.0,0.0
501,501.0,88.0,407.0,0,,61.0,0.0,0.0
502,502.0,88.0,407.0,0,,61.125,0.0,0.0
503,503.0,88.0,407.0,0,,61.25,0.0,0.0
504,504.0,88.0,407.0,0,,61.375,0.0,0.0
505,505.0,88.0,407.0,0,,61.5,0.0,0.0
506,506.0,88.0,407.0,0,,61.625,0.0,0.0
507,507.0,88.0,407.0,0,,61.75,0.0,0.0
508,508.0,88.0,407.0,0,,61.875,0.0,0.0
509,509.0,88.0,407.0,0,,62.0,0.0,0.0
510,510.0,88.0,407.0,0,,62.125,0.0,0.0
511,511.0,88.0,407.0,0,,62.25,0.0,0.0
512,512.0,88.0,407.0,0,,62.375,0.0,0.0
513,513.0,88.0,407.0,0,,62.5,0.0,0.0
514,514.0,88.0,407.0,0,,62.625,0.0,0.0
515,515.0,88.0,407.0,0,,62.75,0.0,0.0
516,516.0,88.0,407.0,0,,62.875,0.0,0.0
517,517.0,88.0,407.0,0,,63.0,0.0,0.0
518,518.0,88.0,407.0,0,,63.125,0.0,0.0
519,519.0,88.0,407.0,0,,63.25,0.0,0.0
520,520.0,88.0,407.0,0,,63.375,0.0,0.0
521,521.0,88.0,407.0,0,,63.5,0.0,0.0
522,522.0,88.0,407.0,0,,63.625,0.0,0.0
523,523.0,88.0,407.0,0,,63.75,0.0,0.0
524,524.0,88.0,407.0,0,,63.875,0.0,0.0
525,525.0,88.0,407.0,0,,64.0,0.0,0.0
526,526.0,88.0,407.0,0,,64.125,0.0,0.0
527,527.0,88.0,407.0,0,,64.25,0.0,0.0
528,528.0,88.0,407.0,0,,64.375,0.0,0.0
529,529.0,88.0,407.0,0,,64.5,0.0,0.0
530,530.0,88.0,407.0,0,,64.625,0.0,0.0
531,531.0,88.0,407.0,0,,64.75,0.0,0.0
532,532.0,88.0,407.0,0,,64.875,0.0,0.0
533,533.0,88.0,407.0,0,,65.0,0.0,0.0
534,534.0,88.0,407.0,0,,65.125,0.0,0.0
535,535.0,56.83,390.83,1.0,5.898568630218506,65.25,35.11463797335807,0.0
536,536.0,60.73,387.39,1.0,6.011907577514648,65.375,5.200346142325525,-65.93819999999994
537,537.0,62.85,385.73,1.0,6.078039646148682,65.5,2.692582403567236,13.978399999999901
538,538.0,65.3,384.39,1.0,5.832772254943848,65.625,2.792507833471567,7.4184000000000125
539,539.0,67.52,382.09,1.0,6.287447929382324,65.75,3.1966232183352554,8.521000000000075
540,540.0,72.13,376.66,1.0,6.6810526847839355,65.875,7.122990944820824,22.72319999999994
541,541.0,72.13,376.66,0,,66.0,0.0,0.0
542,542.0,77.13,368.19,1.0,6.325467109680176,66.125,9.835695196578657,0.0
543,543.0,77.71,366.31,1.0,6.720269680023193,66.25,1.9674348782107074,18.823600000000006
544,544.0,77.71,366.31,0,,66.375,0.0,0.0
545,545.0,76.69,363.36,1.0,5.849360466003418,66.5,3.1213618822558726,0.0
546,546.0,76.69,363.36,0,,66.625,0.0,0.0
547,547.0,76.69,363.36,0,,66.75,0.0,0.0
548,548.0,76.35,363.23,1.0,5.591261863708496,66.875,0.36400549446402747,0.0
549,549.0,76.58,363.04,1.0,5.742892742156982,67.0,0.29832867780352756,-0.0535000000000033
550,550.0,76.58,363.04,0,,67.125,0.0,0.0
551,551.0,76.69,363.04,1.0,6.136796474456787,67.25,0.10999999999999943,0.0
552,552.0,76.49,363.16,1.0,6.196500778198242,67.375,0.2332380757938168,-0.0220000000000002
553,553.0,76.88,363.12,1.0,6.019863128662109,67.5,0.39204591567825586,-0.08280000000000386
554,554.0,76.58,363.04,1.0,5.742892742156982,67.625,0.3104834939251936,-0.11379999999999807
555,555.0,76.45,363.33,1.0,5.486428737640381,67.75,0.317804971641379,0.015800000000005792
556,556.0,76.61,362.96,1.0,6.010742664337158,67.875,0.4031128874149303,-0.1280999999999867
557,557.0,76.5,363.0,1.0,6.082762718200684,68.0,0.1170469991072027,-0.032400000000007284
558,558.0,76.69,363.04,1.0,6.136796474456787,68.125,0.19416487838947796,-0.019299999999998003
559,559.0,76.69,363.04,0,,68.25,0.0,-0.0
560,560.0,76.82,362.92,1.0,6.29632043838501,68.375,0.1769180601295411,0.0
561,561.0,76.35,363.23,1.0,5.591261863708496,68.5,0.5630275304103702,-0.09829999999999939
562,562.0,76.35,363.23,1.0,5.591261863708496,68.625,0.0,0.0
563,563.0,76.35,363.23,1.0,5.591261863708496,68.75,0.0,0.0
564,564.0,76.58,363.32,1.0,5.496692657470703,68.875,0.24698178070456397,-0.0
565,565.0,76.35,363.23,1.0,5.591261863708496,69.0,0.24698178070456397,-0.06099999999999733
566,566.0,76.69,363.0,1.0,6.031266689300537,69.125,0.41048751503548886,-0.057500000000006254
567,567.0,76.52,363.37,1.0,5.280052661895752,69.25,0.40718546143005147,-0.14290000000000894
568,568.0,76.52,363.37,0,,69.375,0.0,0.0
569,569.0,76.52,363.37,0,,69.5,0.0,0.0
570,570.0,72.31,368.57,1.0,5.579862117767334,69.625,6.690597880608267,0.0
571,571.0,72.31,368.57,0,,69.75,0.0,0.0
572,572.0,72.34,368.19,1.0,5.487504005432129,69.875,0.3811823710509139,0.0
573,573.0,72.34,368.19,0,,70.0,0.0,0.0
574,574.0,72.65,368.28,1.0,5.329564571380615,70.125,0.3228002478313747,-0.0
575,575.0,72.65,368.28,0,,70.25,0.0,-0.0
576,576.0,72.65,368.28,0,,70.375,0.0,0.0
577,577.0,72.65,368.28,0,,70.5,0.0,0.0
578,578.0,72.04,368.92,1.0,4.30873441696167,70.625,0.8841379982785802,0.0
579,579.0,72.26,368.89,1.0,4.262803077697754,70.75,0.22203603311174805,-0.1534000000000194
580,580.0,71.98,368.65,1.0,4.783920764923096,70.875,0.36878177829172226,-0.054399999999992565
581,581.0,71.85,368.15,1.0,4.303342342376709,71.0,0.516623654123582,0.1564000000000074
582,582.0,71.85,368.15,0,,71.125,0.0,0.0
583,583.0,71.85,368.15,0,,71.25,0.0,0.0
584,584.0,72.15,368.25,1.0,4.323126316070557,71.375,0.3162277660168559,-0.0
585,585.0,72.15,368.25,0,,71.5,0.0,-0.0
586,586.0,72.15,368.25,0,,71.625,0.0,0.0
587,587.0,72.15,368.25,0,,71.75,0.0,0.0
588,588.0,72.15,368.25,0,,71.875,0.0,0.0
589,589.0,72.16,368.41,1.0,3.8682351112365723,72.0,0.16031219541883837,-0.0
590,590.0,72.16,368.41,0,,72.125,0.0,-0.0
591,591.0,72.16,368.41,0,,72.25,0.0,0.0
592,592.0,72.16,368.41,0,,72.375,0.0,0.0
593,593.0,72.16,368.41,0,,72.5,0.0,0.0
594,594.0,72.16,368.41,0,,72.625,0.0,0.0
595,595.0,72.16,368.41,0,,72.75,0.0,0.0
596,596.0,68.63,372.37,1.0,3.5036489963531494,72.875,5.304950518148105,0.0
597,597.0,68.63,372.37,0,,73.0,0.0,0.0
598,598.0,69.0,372.5,1.0,3.3027756214141846,73.125,0.3921734310225543,-0.0
599,599.0,69.0,372.5,0,,73.25,0.0,-0.0
600,600.0,69.0,372.5,0,,73.375,0.0,0.0
601,601.0,69.0,372.5,0,,73.5,0.0,0.0
602,602.0,70.0,373.19,1.0,3.1094911098480225,73.625,1.2149485585818014,-0.0
603,603.0,69.78,373.37,1.0,3.6131675243377686,73.75,0.2842534080710413,-0.09579999999999457
604,604.0,70.0,373.19,1.0,3.1094911098480225,73.875,0.2842534080710413,-0.08080000000000195
605,605.0,70.0,373.19,0,,74.0,0.0,0.0
606,606.0,70.0,373.19,0,,74.125,0.0,0.0
607,607.0,70.0,373.19,0,,74.25,0.0,0.0
608,608.0,70.0,373.19,0,,74.375,0.0,0.0
609,609.0,70.0,373.19,0,,74.5,0.0,0.0
610,610.0,70.0,373.19,0,,74.625,0.0,0.0
611,611.0,70.0,373.19,0,,74.75,0.0,0.0
612,612.0,70.0,373.19,0,,74.875,0.0,0.0
613,613.0,70.0,373.19,0,,75.0,0.0,0.0
614,614.0,70.0,373.19,0,,75.125,0.0,0.0
615,615.0,70.0,373.19,0,,75.25,0.0,0.0
616,616.0,70.0,373.19,0,,75.375,0.0,0.0
617,617.0,70.0,373.19,0,,75.5,0.0,0.0
618,618.0,70.0,373.19,0,,75.625,0.0,0.0
619,619.0,70.0,373.19,0,,75.75,0.0,0.0
620,620.0,70.0,373.19,0,,75.875,0.0,0.0
621,621.0,70.0,373.19,0,,76.0,0.0,0.0
622,622.0,70.0,373.19,0,,76.125,0.0,0.0
623,623.0,70.0,373.19,0,,76.25,0.0,0.0
624,624.0,70.0,373.19,0,,76.375,0.0,0.0
625,625.0,70.0,373.19,0,,76.5,0.0,0.0
626,626.0,70.0,373.19,0,,76.625,0.0,0.0
627,627.0,70.0,373.19,0,,76.75,0.0,0.0
628,628.0,70.0,373.19,0,,76.875,0.0,0.0
629,629.0,70.0,373.19,0,,77.0,0.0,0.0
630,630.0,70.0,373.19,0,,77.125,0.0,0.0
631,631.0,70.0,373.19,0,,77.25,0.0,0.0
632,632.0,70.0,373.19,0,,77.375,0.0,0.0
633,633.0,70.0,373.19,0,,77.5,0.0,0.0
634,634.0,70.0,373.19,0,,77.625,0.0,0.0
635,635.0,70.0,373.19,0,,77.75,0.0,0.0
636,636.0,70.0,373.19,0,,77.875,0.0,0.0
637,637.0,70.0,373.19,0,,78.0,0.0,0.0
638,638.0,70.0,373.19,0,,78.125,0.0,0.0
639,639.0,70.0,373.19,0,,78.25,0.0,0.0
640,640.0,70.0,373.19,0,,78.375,0.0,0.0
641,641.0,70.0,373.19,0,,78.5,0.0,0.0
642,642.0,70.0,373.19,0,,78.625,0.0,0.0
643,643.0,70.0,373.19,0,,78.75,0.0,0.0
644,644.0,70.0,373.19,0,,78.875,0.0,0.0
645,645.0,70.0,373.19,0,,79.0,0.0,0.0
646,646.0,69.36,374.36,1.0,4.890987396240234,79.125,1.3336041391657563,0.0
647,647.0,69.16,374.0,1.0,4.341928958892822,79.25,0.4118252056394933,-0.2932000000000197
648,648.0,69.16,374.0,1.0,4.341928958892822,79.375,0.0,0.0
649,649.0,69.0,374.15,1.0,4.011234283447266,79.5,0.21931712199459505,0.0
650,650.0,69.5,373.76,1.0,4.608570098876953,79.625,0.6341135544994992,-0.13849999999998738
651,651.0,68.45,374.14,1.0,3.836535930633545,79.75,1.11664676599182,-0.6731999999999916
652,652.0,68.45,374.14,0,,79.875,0.0,0.0
653,653.0,68.45,374.14,0,,80.0,0.0,0.0
654,654.0,69.1,375.03,1.0,5.567912578582764,80.125,1.1020889256316682,-0.0
655,655.0,69.1,375.03,0,,80.25,0.0,-0.0
656,656.0,69.1,375.03,0,,80.375,0.0,0.0
657,657.0,68.77,375.03,1.0,5.876689910888672,80.5,0.3299999999999983,0.0
658,658.0,68.77,375.03,0,,80.625,0.0,0.0
659,659.0,68.77,375.03,1.0,5.876689910888672,80.75,0.0,0.0
660,660.0,68.77,375.03,1.0,5.876689910888672,80.875,0.0,0.0
661,661.0,68.77,375.03,0,,81.0,0.0,0.0
662,662.0,68.58,376.24,1.0,5.988664150238037,81.125,1.2248265183282436,0.0
663,663.0,68.75,376.55,1.0,6.198043346405029,81.25,0.35355339059327656,0.3428000000000141
664,664.0,68.72,376.56,1.0,5.53757381439209,81.375,0.031622776601681994,-0.0020000000000030406
665,665.0,68.67,376.41,1.0,5.853855133056641,81.5,0.1581138830083965,1.5632026922896003e-15
666,666.0,68.89,376.65,1.0,5.919932842254639,81.625,0.3255764119219582,-0.0469999999999867
667,667.0,69.02,376.31,1.0,6.141791343688965,81.75,0.36400549446400093,-0.05299999999997891
668,668.0,68.67,376.3,1.0,5.930680274963379,81.875,0.350142828000226,-0.04210000000000101
669,669.0,68.67,378.5,1.0,6.128873348236084,82.0,2.1999999999999886,-0.021999999999979876
670,670.0,68.59,378.21,1.0,6.3044562339782715,82.125,0.3008321791298457,-0.6380000000000418
671,671.0,68.6,378.23,1.0,6.200384140014648,82.25,0.022360679775028404,-0.006600000000010874
672,672.0,68.58,378.42,1.0,5.968451976776123,82.375,0.1910497317454253,0.0036000000000075204
673,673.0,68.64,377.76,1.0,6.9200849533081055,82.5,0.6627216610312607,-0.12660000000000307
674,674.0,68.48,378.7,1.0,6.085005283355713,82.625,0.9535197952848146,-0.6300000000000222
675,675.0,68.58,378.56,1.0,5.787729740142822,82.75,0.17204650534083812,-0.1475999999999856
676,676.0,68.5,378.5,1.0,5.830951690673828,82.875,0.1,0.00040000000000012595
677,677.0,68.42,378.15,1.0,6.51326847076416,83.0,0.3590264614203466,0.027400000000001888
678,678.0,68.58,378.56,1.0,5.787729740142822,83.125,0.4401136216933298,-0.15630000000001754
679,679.0,68.39,378.79,1.0,6.228475093841553,83.25,0.2983286778035385,0.06390000000001422
680,680.0,68.57,378.55,1.0,5.944570541381836,83.375,0.3000000000000028,-0.08940000000000464
681,681.0,68.62,378.13,1.0,6.210313320159912,83.5,0.42296571965114915,0.1098000000000093
682,682.0,68.24,380.45,1.0,6.220535755157471,83.625,2.3509147155947567,-0.9934000000000388
683,683.0,68.25,379.73,1.0,6.005640506744385,83.75,0.7200694410957582,-1.6741999999999286
684,684.0,68.28,380.44,1.0,5.53757381439209,83.875,0.7106335201775744,-0.510899999999964
685,685.0,68.43,380.45,1.0,5.944570541381836,84.0,0.15033296378373415,0.01159999999999368
686,686.0,68.29,380.15,1.0,6.2884039878845215,84.125,0.3310589071449475,-0.02399999999999827
687,687.0,68.33,380.41,1.0,5.853855133056641,84.25,0.2630589287593641,-0.08360000000001619
688,688.0,68.22,380.19,1.0,6.236569881439209,84.375,0.245967477525001,-0.0616000000000167
689,689.0,68.3,380.27,1.0,6.426024913787842,84.5,0.11313708498983514,-0.02639999999999845
690,690.0,68.14,380.28,1.0,5.486300945281982,84.625,0.16031219541881,-0.01200000000000034
691,691.0,68.14,380.28,0,,84.75,0.0,0.0
692,692.0,68.35,380.22,1.0,5.890750885009766,84.875,0.21840329667839453,0.0
693,693.0,68.16,380.32,1.0,6.845663070678711,85.0,0.21470910553582098,-0.04589999999999083
694,694.0,67.5,383.77,1.0,6.304035663604736,85.125,3.5125631666917987,0.470399999999879
695,695.0,67.56,384.06,1.0,6.405692100524902,85.25,0.29614185789923747,0.9609000000000659
696,696.0,67.66,383.89,1.0,6.7772111892700195,85.375,0.19723082923317103,-0.04330000000000821
697,697.0,67.6,384.23,1.0,6.200384140014648,85.5,0.3452535300326731,-0.06380000000001071
698,698.0,67.75,384.55,1.0,6.571855545043945,85.625,0.35341194094144207,0.09980000000000717
699,699.0,67.54,384.69,1.0,5.972498416900635,85.75,0.2523885892824665,0.01329999999999442
700,700.0,67.57,384.17,1.0,6.194103240966797,85.875,0.5208646657241979,-0.07909999999998743
701,701.0,67.57,384.17,0,,86.0,0.0,0.0
702,702.0,67.5,386.0,1.0,5.385164737701416,86.125,1.8313383084509376,0.0
703,703.0,67.5,386.0,1.0,5.385164737701416,86.25,0.0,0.0
704,704.0,67.34,385.96,1.0,5.516381740570068,86.375,0.16492422502470808,0.0
705,705.0,67.37,389.73,1.0,5.587796688079834,86.5,3.770119361505719,-0.1556000000000788
706,706.0,67.4,389.77,1.0,5.750298976898193,86.625,0.049999999999971574,0.15169999999986447
707,707.0,67.4,389.77,0,,86.75,0.0,-0.0
708,708.0,67.19,390.5,1.0,5.621062278747559,86.875,0.7596051605933374,0.0
709,709.0,67.09,389.92,1.0,6.140169143676758,87.0,0.5885575587824698,-0.4023999999999993
710,710.0,66.64,392.86,1.0,6.325632095336914,87.125,2.9742393985689835,-1.6601999999999542
711,711.0,67.19,393.46,1.0,5.924956321716309,87.25,0.8139410298049582,1.516499999999898
712,712.0,67.32,393.5,1.0,6.710346698760986,87.375,0.1360147050873561,0.09550000000000805
713,713.0,67.32,392.83,1.0,5.912833213806152,87.5,0.6700000000000159,-0.026800000000014347
714,714.0,66.94,394.16,1.0,6.067705154418945,87.625,1.3832208789633367,-0.8911000000000486
715,715.0,66.97,393.86,1.0,5.899754524230957,87.75,0.30149626863363815,-0.4104000000000277
716,716.0,66.81,393.91,1.0,6.038486957550049,87.875,0.16763054614240225,-0.019800000000004057
717,717.0,66.9,394.86,1.0,5.768860816955566,88.0,0.9542536350467726,0.03310000000000999
718,718.0,66.89,395.48,1.0,5.234511375427246,88.125,0.6200806399171044,0.5880999999999968
719,719.0,67.0,395.5,1.0,5.385164737701416,88.25,0.11180339887498567,0.011299999999988257
720,720.0,67.03,395.18,1.0,4.774876594543457,88.375,0.32140317359975723,-0.0030999999999939344
721,721.0,67.03,395.18,0,,88.5,0.0,0.0
722,722.0,67.0,395.45,1.0,5.300865173339844,88.625,0.27166155414410453,0.0
723,723.0,67.36,395.49,1.0,5.3722243309021,88.75,0.36221540552549836,4.404462905505113e-15
724,724.0,66.91,395.31,1.0,5.1076507568359375,88.875,0.4846648326421105,-0.1692000000000047
725,725.0,66.83,395.43,1.0,6.32240104675293,89.0,0.14422205101856242,0.014399999999997824
726,726.0,66.5,396.76,1.0,5.224967002868652,89.125,1.3703284277865495,0.18600000000000344
727,727.0,66.13,396.81,1.0,5.621143817901611,89.25,0.3733630940518954,0.1886000000000152
728,728.0,66.39,396.86,1.0,5.494783401489258,89.375,0.2647640458974817,-0.09370000000000193
729,729.0,66.29,397.0,1.0,5.899795055389404,89.5,0.17204650534083812,-0.018999999999998126
730,730.0,66.5,397.0,1.0,5.385164737701416,89.625,0.20999999999999375,-0.02099999999999818
731,731.0,66.39,397.2,1.0,5.130615234375,89.75,0.2282542442102563,-0.023099999999999194
732,732.0,66.61,396.86,1.0,5.494783401489258,89.875,0.4049691346263101,-0.09219999999999089
733,733.0,66.61,396.86,0,,90.0,0.0,0.0
734,734.0,65.8,397.8,1.0,5.016746520996094,90.125,1.2408464852672145,0.0
735,735.0,65.98,398.2,1.0,5.414050102233887,90.25,0.43863424398920825,0.23019999999997182
736,736.0,65.98,398.2,0,,90.375,0.0,-0.0
737,737.0,65.88,398.05,1.0,5.0737762451171875,90.5,0.18027756377318527,0.0
738,738.0,65.77,398.23,1.0,5.007096767425537,90.625,0.21095023109729538,-0.01599999999999605
739,739.0,65.68,398.47,1.0,4.975659370422363,90.75,0.25632011235953067,0.053100000000002034
740,740.0,65.76,398.38,1.0,4.7856550216674805,90.875,0.12041594578794561,-0.02880000000000744
741,741.0,65.68,398.24,1.0,4.863711833953857,91.0,0.16124515496595831,0.006200000000003501
742,742.0,65.69,398.1,1.0,4.952038288116455,91.125,0.14035668847616775,0.018799999999996923
743,743.0,65.5,399.0,1.0,4.123105525970459,91.25,0.9198369420717774,-0.12789999999998278
744,744.0,65.33,399.0,1.0,3.971238136291504,91.375,0.1700000000000017,0.03229999999999994
745,745.0,65.33,399.0,1.0,3.971238136291504,91.5,0.0,0.0
746,746.0,65.33,399.0,1.0,3.971238136291504,91.625,0.0,0.0
747,747.0,65.67,399.0,1.0,3.971238136291504,91.75,0.3400000000000034,0.0
748,748.0,65.5,399.0,1.0,3.605551242828369,91.875,0.1700000000000017,-0.05780000000000116
749,749.0,65.22,399.37,1.0,3.6131675243377686,92.0,0.46400431032481154,0.04760000000000067
750,750.0,65.33,399.0,1.0,3.971238136291504,92.125,0.3860051813123799,-0.16770000000000332
751,751.0,65.37,399.22,1.0,3.6131675243377686,92.25,0.22360679775000694,-0.07700000000001044
752,752.0,65.19,399.19,1.0,3.6345863342285156,92.375,0.18248287590895818,-0.013800000000008718
753,753.0,65.19,399.19,0,,92.5,0.0,0.0
754,754.0,65.15,398.85,1.0,4.303342342376709,92.625,0.342344855372448,0.0
755,755.0,65.07,398.9,1.0,4.403299808502197,92.75,0.09433981132055254,-0.013799999999983426
756,756.0,65.07,398.9,0,,92.875,0.0,0.0
757,757.0,65.07,398.9,0,,93.0,0.0,0.0
758,758.0,65.07,398.9,0,,93.125,0.0,0.0
759,759.0,65.07,398.9,0,,93.25,0.0,0.0
760,760.0,65.07,398.9,0,,93.375,0.0,0.0
761,761.0,65.33,399.0,1.0,3.971238136291504,93.5,0.27856776554369533,-0.0
762,762.0,65.33,399.0,1.0,3.971238136291504,93.625,0.0,-0.0
763,763.0,65.33,399.0,0,,93.75,0.0,0.0
764,764.0,65.22,399.37,1.0,3.6131675243377686,93.875,0.3860051813123799,0.0
765,765.0,65.5,399.0,1.0,4.123105525970459,94.0,0.46400431032481154,-0.16770000000000332
766,766.0,65.25,398.97,1.0,4.0848774909973145,94.125,0.25179356624028015,-0.05890000000001024
767,767.0,65.22,399.37,1.0,3.6131675243377686,94.25,0.401123422402609,-0.004499999999988119
768,768.0,65.22,399.37,0,,94.375,0.0,0.0
769,769.0,65.19,399.19,1.0,3.6345863342285156,94.5,0.1824828759089535,0.0
770,770.0,65.37,399.22,1.0,3.6131675243377686,94.625,0.18248287590895818,-0.010800000000005935
771,771.0,65.33,399.0,1.0,3.971238136291504,94.75,0.22360679775000694,-0.013800000000008718
772,772.0,65.33,399.0,0,,94.875,0.0,0.0
773,773.0,65.33,399.0,0,,95.0,0.0,0.0
774,774.0,65.33,399.0,0,,95.125,0.0,0.0
775,775.0,65.33,399.0,0,,95.25,0.0,0.0
776,776.0,65.33,399.0,0,,95.375,0.0,0.0
777,777.0,64.78,399.22,1.0,3.594604969024658,95.5,0.5923681287848029,0.0
778,778.0,64.78,399.22,1.0,3.594604969024658,95.625,0.0,0.0
779,779.0,64.78,399.22,0,,95.75,0.0,0.0
780,780.0,64.78,399.22,0,,95.875,0.0,0.0
781,781.0,64.78,399.22,0,,96.0,0.0,0.0
782,782.0,64.78,399.22,0,,96.125,0.0,0.0
783,783.0,64.78,399.22,0,,96.25,0.0,0.0
784,784.0,64.78,399.22,0,,96.375,0.0,0.0
785,785.0,64.78,399.22,0,,96.5,0.0,0.0
786,786.0,64.78,399.22,0,,96.625,0.0,0.0
787,787.0,64.78,399.22,0,,96.75,0.0,0.0
788,788.0,64.78,399.22,0,,96.875,0.0,0.0
789,789.0,64.78,399.22,0,,97.0,0.0,0.0
790,790.0,64.78,399.22,0,,97.125,0.0,0.0
791,791.0,64.78,399.22,0,,97.25,0.0,0.0
792,792.0,64.78,399.22,0,,97.375,0.0,0.0
793,793.0,64.78,399.22,0,,97.5,0.0,0.0
794,794.0,64.78,399.22,0,,97.625,0.0,0.0
795,795.0,64.78,399.22,0,,97.75,0.0,0.0
796,796.0,66.0,403.0,1.0,4.0,97.875,3.9720020140981536,-0.0
797,797.0,66.19,402.81,1.0,3.6345863342285156,98.0,0.26870057685088483,-0.4863999999999892
798,798.0,66.15,403.15,1.0,4.303342342376709,98.125,0.342344855372448,-0.07219999999999288
799,799.0,66.29,403.16,1.0,3.945650577545166,98.25,0.14035668847618596,-0.0021999999999829244
800,800.0,67.14,403.31,1.0,4.315976142883301,98.375,0.8631338250815939,0.12050000000000663
801,801.0,67.14,403.31,0,,98.5,0.0,-0.0
802,802.0,67.14,403.31,0,,98.625,0.0,0.0
803,803.0,67.14,403.31,0,,98.75,0.0,0.0
804,804.0,69.71,404.16,1.0,3.945650577545166,98.875,2.706917065593256,-0.0
805,805.0,69.71,404.16,0,,99.0,0.0,-0.0
806,806.0,69.71,404.16,0,,99.125,0.0,0.0
807,807.0,71.52,404.44,1.0,5.120478630065918,99.25,1.8315294155431938,-0.0
808,808.0,75.0,405.14,1.0,4.6014556884765625,99.375,3.549704213029589,6.494799999999993
809,809.0,75.0,405.14,0,,99.5,0.0,-0.0
810,810.0,76.84,405.6,1.0,4.642539024353027,99.625,1.896628587784136,-0.0
811,811.0,76.84,405.6,0,,99.75,0.0,-0.0
812,812.0,77.34,406.11,1.0,4.635824680328369,99.875,0.7142128534267572,-0.0
813,813.0,76.95,405.89,1.0,4.487804889678955,100.0,0.4477722635447761,-0.3072000000000122
814,814.0,76.95,405.89,0,,100.125,0.0,0.0
815,815.0,76.71,406.16,1.0,3.945650577545166,100.25,0.3612478373638038,0.0
816,816.0,76.71,406.16,0,,100.375,0.0,0.0
817,817.0,79.15,406.15,1.0,4.303342342376709,100.5,2.4400204917172434,0.0
818,818.0,79.37,406.85,1.0,3.727257013320923,100.625,0.7337574531138087,0.529799999999966
819,819.0,79.37,406.85,1.0,3.727257013320923,100.75,0.0,-0.0
820,820.0,79.55,406.85,1.0,3.864551067352295,100.875,0.1799999999999926,0.0
821,821.0,79.37,406.85,1.0,3.727257013320923,101.0,0.1799999999999926,-0.03239999999999734
822,822.0,79.33,407.0,1.0,3.971238136291504,101.125,0.1552417469625799,0.00720000000000083
823,823.0,79.5,407.0,1.0,4.123105525970459,101.25,0.1700000000000017,-0.0068000000000011315
824,824.0,79.55,406.85,1.0,3.864551067352295,101.375,0.1581138830083965,0.008499999999999602
825,825.0,79.55,406.85,0,,101.5,0.0,0.0
826,826.0,79.69,406.86,1.0,4.315976142883301,101.625,0.1403566884761819,-0.0
827,827.0,79.33,407.0,1.0,3.971238136291504,101.75,0.38626415831655386,-0.049000000000001535
828,828.0,79.37,406.85,1.0,3.727257013320923,101.875,0.1552417469625799,-0.035399999999996996
829,829.0,81.36,406.74,1.0,4.495105266571045,102.0,1.9930378822290316,0.09610000000001179
830,830.0,81.36,406.74,0,,102.125,0.0,0.0
831,831.0,87.18,405.23,1.0,5.001744747161865,102.25,6.012694903285885,0.0
832,832.0,89.53,404.61,1.0,5.1036248207092285,102.375,2.430411487793781,14.613199999999985
833,833.0,93.52,404.38,1.0,5.473586559295654,102.5,3.9966235749692474,9.519099999999977
834,834.0,95.2,403.86,1.0,4.8203043937683105,102.625,1.7586358349584499,6.822800000000024
835,835.0,97.63,404.46,1.0,4.432018280029297,102.75,2.502978226033923,3.770400000000033
836,836.0,100.78,403.37,1.0,3.6131675243377686,102.875,3.333256665784977,7.000500000000043
837,837.0,101.0,403.19,1.0,3.1094911098480225,103.0,0.2842534080710413,0.8892000000000005
838,838.0,101.22,403.37,1.0,3.6131675243377686,103.125,0.2842534080710413,0.015999999999997044
839,839.0,101.0,403.19,1.0,3.1094911098480225,103.25,0.2842534080710413,-0.08080000000000195
840,840.0,101.0,403.5,1.0,3.605551242828369,103.375,0.3100000000000023,-0.05580000000000252
841,841.0,101.0,403.5,1.0,3.605551242828369,103.5,0.0,0.0
842,842.0,101.0,403.5,1.0,3.605551242828369,103.625,0.0,0.0
843,843.0,101.5,403.28,1.0,3.576000213623047,103.75,0.5462600113499175,0.0
844,844.0,101.0,403.19,1.0,3.1094911098480225,103.875,0.508035431835217,-0.23020000000000304
845,845.0,101.0,403.19,0,,104.0,0.0,0.0
846,846.0,101.0,403.19,1.0,3.1094911098480225,104.125,0.0,0.0
847,847.0,101.0,403.19,1.0,3.1094911098480225,104.25,0.0,0.0
848,848.0,101.0,403.19,1.0,3.1094911098480225,104.375,0.0,0.0
849,849.0,101.0,403.19,1.0,3.1094911098480225,104.5,0.0,0.0
850,850.0,101.0,403.19,1.0,3.1094911098480225,104.625,0.0,0.0
851,851.0,101.0,403.19,0,,104.75,0.0,0.0
852,852.0,100.78,403.37,1.0,3.6131675243377686,104.875,0.2842534080710413,0.0
853,853.0,101.0,403.19,1.0,3.1094911098480225,105.0,0.2842534080710413,-0.08080000000000195
854,854.0,101.0,403.19,0,,105.125,0.0,0.0
855,855.0,101.0,403.5,1.0,3.605551242828369,105.25,0.3100000000000023,0.0
856,856.0,100.78,403.37,1.0,3.6131675243377686,105.375,0.25553864678360944,-0.040299999999998885
857,857.0,101.0,403.5,1.0,3.605551242828369,105.5,0.25553864678360944,-0.06529999999999832
858,858.0,100.78,403.37,1.0,3.6131675243377686,105.625,0.25553864678360944,-0.06529999999999832
859,859.0,101.0,403.5,1.0,3.605551242828369,105.75,0.25553864678360944,-0.06529999999999832
860,860.0,100.78,403.37,1.0,3.6131675243377686,105.875,0.25553864678360944,-0.06529999999999832
861,861.0,100.78,403.37,1.0,3.6131675243377686,106.0,0.0,0.0
862,862.0,101.0,403.19,1.0,3.1094911098480225,106.125,0.2842534080710413,0.0
863,863.0,101.28,403.41,1.0,3.7962162494659424,106.25,0.35608987629531486,0.021999999999993518
864,864.0,101.0,403.19,1.0,3.1094911098480225,106.375,0.35608987629531486,-0.12680000000001262
865,865.0,101.0,403.5,1.0,3.605551242828369,106.5,0.3100000000000023,-0.06820000000000896
866,866.0,101.0,403.19,1.0,3.1094911098480225,106.625,0.3100000000000023,-0.0961000000000014
867,867.0,100.78,403.37,1.0,3.6131675243377686,106.75,0.2842534080710413,-0.05580000000000252
868,868.0,100.78,403.37,0,,106.875,0.0,0.0
869,869.0,100.78,403.37,0,,107.0,0.0,0.0
870,870.0,100.78,403.37,0,,107.125,0.0,0.0
871,871.0,100.78,403.37,0,,107.25,0.0,0.0
872,872.0,100.78,403.37,0,,107.375,0.0,0.0
873,873.0,100.78,403.37,0,,107.5,0.0,0.0
874,874.0,100.78,403.37,0,,107.625,0.0,0.0
875,875.0,100.78,403.37,1.0,3.6131675243377686,107.75,0.0,0.0
876,876.0,101.0,403.5,1.0,3.605551242828369,107.875,0.25553864678360944,-0.0
877,877.0,101.0,403.5,1.0,3.605551242828369,108.0,0.0,-0.0
878,878.0,101.0,403.5,1.0,3.605551242828369,108.125,0.0,0.0
879,879.0,101.22,403.37,1.0,3.6131675243377686,108.25,0.25553864678360944,0.0
880,880.0,100.78,403.37,1.0,3.6131675243377686,108.375,0.4399999999999977,-0.096799999999999
881,881.0,100.5,403.5,1.0,3.1622776985168457,108.5,0.30870698080866177,0.12319999999999987
882,882.0,101.0,403.19,1.0,3.1094911098480225,108.625,0.5883026432033103,-0.18029999999999946
883,883.0,101.0,403.19,0,,108.75,0.0,0.0
884,884.0,101.0,403.19,0,,108.875,0.0,0.0
885,885.0,101.0,403.19,0,,109.0,0.0,0.0
886,886.0,101.0,403.19,0,,109.125,0.0,0.0
887,887.0,101.0,403.19,0,,109.25,0.0,0.0
888,888.0,101.0,403.19,0,,109.375,0.0,0.0
889,889.0,101.0,403.19,0,,109.5,0.0,0.0
890,890.0,101.0,403.19,0,,109.625,0.0,0.0
891,891.0,101.0,403.19,0,,109.75,0.0,0.0
892,892.0,101.0,403.19,0,,109.875,0.0,0.0
893,893.0,104.22,401.37,1.0,3.6131675243377686,110.0,3.6987565478144093,0.0
894,894.0,104.22,401.37,0,,110.125,0.0,0.0
895,895.0,106.12,400.12,1.0,4.243158340454102,110.25,2.2743130831088365,0.0
896,896.0,107.0,399.5,1.0,3.605551242828369,110.375,1.07647573126383,2.447000000000002
897,897.0,106.81,399.19,1.0,3.6345863342285156,110.5,0.3635931792539576,0.025000000000005684
898,898.0,106.45,399.14,1.0,3.836535930633545,110.625,0.363455636907726,0.08390000000000271
899,899.0,106.84,399.29,1.0,3.945650577545166,110.75,0.4178516483155364,-0.1479000000000034
900,900.0,106.63,399.15,1.0,3.727257013320923,110.875,0.25238858928250985,-0.10290000000001448
901,901.0,106.63,399.15,1.0,3.727257013320923,111.0,0.0,0.0
902,902.0,106.63,399.15,0,,111.125,0.0,0.0
903,903.0,106.63,399.15,0,,111.25,0.0,0.0
904,904.0,106.63,399.15,0,,111.375,0.0,0.0
905,905.0,106.63,399.15,0,,111.5,0.0,0.0
906,906.0,106.63,399.15,0,,111.625,0.0,0.0
907,907.0,106.63,399.15,0,,111.75,0.0,0.0
908,908.0,106.67,399.0,1.0,3.971238136291504,111.875,0.1552417469625799,0.0
909,909.0,106.67,399.0,0,,112.0,0.0,0.0
910,910.0,106.78,399.37,1.0,3.6131675243377686,112.125,0.3860051813123799,-0.0
911,911.0,106.5,399.0,1.0,4.123105525970459,112.25,0.46400431032481154,-0.16770000000000332
912,912.0,107.25,399.27,1.0,4.277985095977783,112.375,0.7971198153351792,-0.30989999999999535
913,913.0,107.25,399.27,0,,112.5,0.0,-0.0
914,914.0,107.25,399.27,0,,112.625,0.0,0.0
915,915.0,106.78,399.37,1.0,3.6131675243377686,112.75,0.48052055106936215,0.0
916,916.0,106.67,399.0,1.0,3.971238136291504,112.875,0.3860051813123799,0.014699999999990741
917,917.0,106.63,399.15,1.0,3.727257013320923,113.0,0.1552417469625799,-0.051099999999991604
918,918.0,106.81,399.19,1.0,3.6345863342285156,113.125,0.18439088914586885,-0.0011999999999992381
919,919.0,106.81,399.19,0,,113.25,0.0,-0.0
920,920.0,106.63,399.15,1.0,3.727257013320923,113.375,0.18439088914586885,0.0
921,921.0,106.67,399.0,1.0,3.971238136291504,113.5,0.1552417469625799,-0.0011999999999992381
922,922.0,106.84,399.29,1.0,3.945650577545166,113.625,0.33615472627945076,-0.03669999999999535
923,923.0,106.67,399.0,1.0,3.971238136291504,113.75,0.33615472627945076,-0.11300000000001245
924,924.0,106.25,399.27,1.0,4.277985095977783,113.875,0.49929950931278877,-0.00689999999999924
925,925.0,106.78,399.37,1.0,3.6131675243377686,114.0,0.5393514624064774,-0.19559999999999705
926,926.0,106.81,399.19,1.0,3.6345863342285156,114.125,0.1824828759089535,-0.0021000000000041402
927,927.0,106.78,399.37,1.0,3.6131675243377686,114.25,0.1824828759089535,-0.03330000000000252
928,928.0,106.78,399.37,1.0,3.6131675243377686,114.375,0.0,0.0
929,929.0,106.78,399.37,1.0,3.6131675243377686,114.5,0.0,0.0
930,930.0,107.0,399.19,1.0,3.1094911098480225,114.625,0.2842534080710413,0.0
931,931.0,107.0,399.19,0,,114.75,0.0,0.0
932,932.0,107.0,399.19,0,,114.875,0.0,0.0
933,933.0,106.78,398.63,1.0,3.6131675243377686,115.0,0.6016643582596546,0.0
934,934.0,106.78,398.63,0,,115.125,0.0,0.0
935,935.0,107.0,399.33,1.0,3.971238136291504,115.25,0.7337574531137544,-0.0
936,936.0,106.63,398.85,1.0,3.727257013320923,115.375,0.6060528029800425,-0.4173999999999681
937,937.0,107.0,399.5,1.0,3.605551242828369,115.5,0.7479304780525886,-0.4488999999999673
938,938.0,106.78,399.37,1.0,3.6131675243377686,115.625,0.25553864678360944,-0.16589999999999466
939,939.0,107.25,399.44,1.0,4.002221584320068,115.75,0.47518417482066677,-0.112499999999998
940,940.0,107.0,399.33,1.0,3.971238136291504,115.875,0.27313000567495876,-0.12519999999999992
941,941.0,106.63,399.22,1.0,3.6131675243377686,116.0,0.3860051813123677,0.10459999999999789
942,942.0,106.63,399.22,0,,116.125,0.0,0.0
943,943.0,106.63,399.22,0,,116.25,0.0,0.0
944,944.0,106.63,399.22,0,,116.375,0.0,0.0
945,945.0,109.19,396.81,1.0,3.6345863342285156,116.5,3.5159209319892466,0.0
946,946.0,108.55,397.33,1.0,3.7268433570861816,116.625,0.8246211251235211,-2.891599999999972
947,947.0,108.55,397.33,0,,116.75,0.0,0.0
948,948.0,108.55,397.33,0,,116.875,0.0,0.0
949,949.0,109.19,396.81,1.0,3.6345863342285156,117.0,0.8246211251235211,0.0
950,950.0,109.19,396.81,0,,117.125,0.0,0.0
951,951.0,109.19,396.81,0,,117.25,0.0,0.0
952,952.0,109.69,396.86,1.0,4.315976142883301,117.375,0.5024937810560456,-0.0
953,953.0,109.69,396.86,1.0,4.315976142883301,117.5,0.0,-0.0
954,954.0,109.67,396.73,1.0,4.186751365661621,117.625,0.13152946437965396,0.0
955,955.0,109.5,396.72,1.0,3.576000213623047,117.75,0.1702938636592652,0.004699999999998129
956,956.0,110.71,395.84,1.0,3.945650577545166,117.875,1.4961617559609246,-0.19690000000000848
957,957.0,110.71,395.84,0,,118.0,0.0,0.0
958,958.0,111.11,395.44,1.0,4.757113456726074,118.125,0.565685424949226,0.0
959,959.0,111.11,395.44,0,,118.25,0.0,0.0
960,960.0,113.26,393.5,1.0,4.823337554931641,118.375,2.8958763785769612,0.0
961,961.0,117.22,396.88,1.0,4.840382099151611,118.5,5.206342286096826,1.9568000000000243
962,962.0,113.43,393.34,1.0,5.042660713195801,118.625,5.186106439324215,-26.973599999999998
963,963.0,113.73,393.08,1.0,5.1526594161987305,118.75,0.39698866482557604,-0.21660000000001378
964,964.0,113.74,393.1,1.0,4.332986354827881,118.875,0.022360679775028404,-0.0022000000000126246
965,965.0,113.6,393.09,1.0,4.5749969482421875,119.0,0.14035668847618596,-0.0016000000000000738
966,966.0,113.6,393.09,1.0,4.5749969482421875,119.125,0.0,0.0
967,967.0,113.85,392.85,1.0,4.303342342376709,119.25,0.34655446902323606,0.0
968,968.0,114.0,392.5,1.0,3.605551242828369,119.375,0.38078865529321854,0.12149999999999017
969,969.0,114.0,392.5,1.0,3.605551242828369,119.5,0.0,0.0
970,970.0,113.45,392.85,1.0,3.864551067352295,119.625,0.6519202405202748,0.0
971,971.0,113.85,392.85,1.0,4.303342342376709,119.75,0.3999999999999915,-0.21999999999999417
972,972.0,113.85,392.85,1.0,4.303342342376709,119.875,0.0,0.0
973,973.0,113.85,392.85,1.0,4.303342342376709,120.0,0.0,0.0
974,974.0,113.85,392.85,1.0,4.303342342376709,120.125,0.0,0.0
975,975.0,113.74,393.1,1.0,4.332986354827881,120.25,0.27313000567495305,0.0
976,976.0,113.74,393.1,1.0,4.332986354827881,120.375,0.0,0.0
977,977.0,113.34,392.89,1.0,4.692133903503418,120.5,0.45177427992307,0.0
978,978.0,113.88,393.2,1.0,4.468204498291016,120.625,0.6226556030423182,-0.281100000000004
979,979.0,113.32,393.03,1.0,4.8446149826049805,120.75,0.585234995535988,-0.3551000000000021
980,980.0,113.85,392.85,1.0,4.303342342376709,120.875,0.5597320787662462,-0.2662000000000075
981,981.0,115.07,391.21,1.0,4.8015828132629395,121.0,2.0440156555173785,0.9417999999999265
982,982.0,115.12,390.95,1.0,5.0737762451171875,121.125,0.26476404589746777,0.48740000000001016
983,983.0,121.63,396.22,1.0,3.6131675243377686,121.25,8.37573877338592,-1.0446999999998885
984,984.0,115.32,390.32,1.0,4.840382099151611,121.375,8.638639939249721,-72.17110000000037
985,985.0,116.32,389.32,1.0,4.840382099151611,121.5,1.4142135623730951,-0.40999999999996817
986,986.0,117.39,387.47,1.0,5.1036248207092285,121.625,2.137147631774625,2.9199999999999733
987,987.0,117.31,387.22,1.0,5.398600101470947,121.75,0.26248809496813325,0.3768999999999927
988,988.0,117.39,387.47,1.0,5.1036248207092285,121.875,0.26248809496813325,-0.06889999999999973
989,989.0,117.39,387.47,1.0,5.1036248207092285,122.0,0.0,-0.0
990,990.0,117.5,387.5,1.0,5.099019527435303,122.125,0.11401754250990606,-0.0
