,frame,x,y,blobs,blob_size,sec,distance,dot_product
0,0.0,227.0,333.36,1.0,4.201554775238037,-1.875,,
1,1.0,227.0,333.36,1.0,4.201554775238037,-1.75,0.0,
2,2.0,227.0,333.36,1.0,4.201554775238037,-1.625,0.0,0.0
3,3.0,227.0,333.36,1.0,4.201554775238037,-1.5,0.0,0.0
4,4.0,227.0,333.36,1.0,4.201554775238037,-1.375,0.0,0.0
5,5.0,227.15,333.0,1.0,4.011234283447266,-1.25,0.3900000000000148,0.0
6,6.0,227.15,333.0,0,,-1.125,0.0,0.0
7,7.0,227.15,333.0,0,,-1.0,0.0,0.0
8,8.0,227.0,327.84,1.0,4.341928958892822,-0.875,5.162179772150545,0.0
9,9.0,227.0,327.84,1.0,4.341928958892822,-0.75,0.0,0.0
10,10.0,227.0,327.5,1.0,4.123105525970459,-0.625,0.339999999999975,0.0
11,11.0,227.14,327.31,1.0,4.315976142883301,-0.5,0.236008474424109,0.06459999999999448
12,12.0,227.14,327.31,1.0,4.315976142883301,-0.375,0.0,0.0
13,13.0,227.0,327.0,1.0,4.4721360206604,-0.25,0.34014702703389543,0.0
14,14.0,227.0,327.0,0,,-0.125,0.0,0.0
15,15.0,227.0,327.0,0,,0.0,0.0,0.0
16,16.0,227.0,327.0,0,,0.125,0.0,0.0
17,17.0,227.0,327.0,0,,0.25,0.0,0.0
18,18.0,227.0,327.0,0,,0.375,0.0,0.0
19,19.0,227.0,327.0,0,,0.5,0.0,0.0
20,20.0,227.0,327.0,0,,0.625,0.0,0.0
21,21.0,227.0,327.0,0,,0.75,0.0,0.0
22,22.0,227.0,327.0,0,,0.875,0.0,0.0
23,23.0,227.0,327.0,0,,1.0,0.0,0.0
24,24.0,227.0,327.0,0,,1.125,0.0,0.0
25,25.0,227.0,327.0,0,,1.25,0.0,0.0
26,26.0,227.0,327.0,0,,1.375,0.0,0.0
27,27.0,227.0,327.0,0,,1.5,0.0,0.0
28,28.0,227.0,327.0,0,,1.625,0.0,0.0
29,29.0,227.0,327.0,0,,1.75,0.0,0.0
30,30.0,227.0,327.0,0,,1.875,0.0,0.0
31,31.0,227.0,327.0,0,,2.0,0.0,0.0
32,32.0,227.0,327.0,0,,2.125,0.0,0.0
33,33.0,227.0,327.0,0,,2.25,0.0,0.0
34,34.0,227.0,327.0,0,,2.375,0.0,0.0
35,35.0,227.0,327.0,0,,2.5,0.0,0.0
36,36.0,227.0,327.0,0,,2.625,0.0,0.0
37,37.0,227.0,327.0,0,,2.75,0.0,0.0
38,38.0,227.0,327.0,0,,2.875,0.0,0.0
39,39.0,227.0,327.0,0,,3.0,0.0,0.0
40,40.0,227.0,327.0,0,,3.125,0.0,0.0
41,41.0,227.0,327.0,0,,3.25,0.0,0.0
42,42.0,227.0,327.0,0,,3.375,0.0,0.0
43,43.0,227.0,327.0,0,,3.5,0.0,0.0
44,44.0,227.0,327.0,0,,3.625,0.0,0.0
45,45.0,227.0,327.0,0,,3.75,0.0,0.0
46,46.0,227.0,327.0,0,,3.875,0.0,0.0
47,47.0,227.0,327.0,0,,4.0,0.0,0.0
48,48.0,227.0,327.0,0,,4.125,0.0,0.0
49,49.0,227.0,327.0,0,,4.25,0.0,0.0
50,50.0,227.0,327.0,0,,4.375,0.0,0.0
51,51.0,227.0,327.0,0,,4.5,0.0,0.0
52,52.0,227.0,327.0,0,,4.625,0.0,0.0
53,53.0,227.0,327.0,0,,4.75,0.0,0.0
54,54.0,227.0,327.0,0,,4.875,0.0,0.0
55,55.0,227.0,327.0,0,,5.0,0.0,0.0
56,56.0,227.0,327.0,0,,5.125,0.0,0.0
57,57.0,227.0,327.0,0,,5.25,0.0,0.0
58,58.0,227.0,327.0,0,,5.375,0.0,0.0
59,59.0,227.0,327.0,0,,5.5,0.0,0.0
60,60.0,227.0,327.0,0,,5.625,0.0,0.0
61,61.0,227.0,327.0,0,,5.75,0.0,0.0
62,62.0,227.0,327.0,0,,5.875,0.0,0.0
63,63.0,227.0,327.0,0,,6.0,0.0,0.0
64,64.0,227.0,327.0,0,,6.125,0.0,0.0
65,65.0,227.0,327.0,0,,6.25,0.0,0.0
66,66.0,227.0,327.0,0,,6.375,0.0,0.0
67,67.0,227.0,327.0,0,,6.5,0.0,0.0
68,68.0,227.0,327.0,0,,6.625,0.0,0.0
69,69.0,227.0,327.0,0,,6.75,0.0,0.0
70,70.0,227.0,327.0,0,,6.875,0.0,0.0
71,71.0,227.0,327.0,0,,7.0,0.0,0.0
72,72.0,227.0,327.0,0,,7.125,0.0,0.0
73,73.0,227.0,327.0,0,,7.25,0.0,0.0
74,74.0,227.0,327.0,0,,7.375,0.0,0.0
75,75.0,227.0,327.0,0,,7.5,0.0,0.0
76,76.0,227.0,327.0,0,,7.625,0.0,0.0
77,77.0,227.0,327.0,0,,7.75,0.0,0.0
78,78.0,227.0,327.0,0,,7.875,0.0,0.0
79,79.0,227.0,327.0,0,,8.0,0.0,0.0
80,80.0,227.0,327.0,0,,8.125,0.0,0.0
81,81.0,227.0,327.0,0,,8.25,0.0,0.0
82,82.0,227.0,327.0,0,,8.375,0.0,0.0
83,83.0,227.0,327.0,0,,8.5,0.0,0.0
84,84.0,227.0,327.0,0,,8.625,0.0,0.0
85,85.0,227.0,327.0,0,,8.75,0.0,0.0
86,86.0,227.0,327.0,0,,8.875,0.0,0.0
87,87.0,227.0,327.0,0,,9.0,0.0,0.0
88,88.0,227.0,327.0,0,,9.125,0.0,0.0
89,89.0,227.0,327.0,0,,9.25,0.0,0.0
90,90.0,227.0,327.0,0,,9.375,0.0,0.0
91,91.0,227.0,327.0,0,,9.5,0.0,0.0
92,92.0,227.0,327.0,0,,9.625,0.0,0.0
93,93.0,227.0,327.0,0,,9.75,0.0,0.0
94,94.0,227.0,327.0,0,,9.875,0.0,0.0
95,95.0,227.0,327.0,0,,10.0,0.0,0.0
96,96.0,227.0,327.0,0,,10.125,0.0,0.0
97,97.0,227.0,327.0,0,,10.25,0.0,0.0
98,98.0,227.0,327.0,0,,10.375,0.0,0.0
99,99.0,227.0,327.0,0,,10.5,0.0,0.0
100,100.0,227.0,327.0,0,,10.625,0.0,0.0
101,101.0,227.0,327.0,0,,10.75,0.0,0.0
102,102.0,227.0,327.0,0,,10.875,0.0,0.0
103,103.0,227.0,327.0,0,,11.0,0.0,0.0
104,104.0,227.0,327.0,0,,11.125,0.0,0.0
105,105.0,227.0,327.0,0,,11.25,0.0,0.0
106,106.0,227.0,327.0,0,,11.375,0.0,0.0
107,107.0,227.0,327.0,0,,11.5,0.0,0.0
108,108.0,227.0,327.0,0,,11.625,0.0,0.0
109,109.0,227.0,327.0,0,,11.75,0.0,0.0
110,110.0,227.0,327.0,0,,11.875,0.0,0.0
111,111.0,227.0,327.0,0,,12.0,0.0,0.0
112,112.0,227.0,327.0,0,,12.125,0.0,0.0
113,113.0,227.0,327.0,0,,12.25,0.0,0.0
114,114.0,227.0,327.0,0,,12.375,0.0,0.0
115,115.0,227.0,327.0,0,,12.5,0.0,0.0
116,116.0,227.0,327.0,0,,12.625,0.0,0.0
117,117.0,227.0,327.0,0,,12.75,0.0,0.0
118,118.0,227.0,327.0,0,,12.875,0.0,0.0
119,119.0,227.0,327.0,0,,13.0,0.0,0.0
120,120.0,227.0,327.0,0,,13.125,0.0,0.0
121,121.0,227.0,327.0,0,,13.25,0.0,0.0
122,122.0,227.0,327.0,0,,13.375,0.0,0.0
123,123.0,227.0,327.0,0,,13.5,0.0,0.0
124,124.0,227.0,327.0,0,,13.625,0.0,0.0
125,125.0,227.0,327.0,0,,13.75,0.0,0.0
126,126.0,227.0,327.0,0,,13.875,0.0,0.0
127,127.0,227.0,327.0,0,,14.0,0.0,0.0
128,128.0,227.0,327.0,0,,14.125,0.0,0.0
129,129.0,227.0,327.0,0,,14.25,0.0,0.0
130,130.0,227.0,327.0,0,,14.375,0.0,0.0
131,131.0,227.0,327.0,0,,14.5,0.0,0.0
132,132.0,227.0,327.0,0,,14.625,0.0,0.0
133,133.0,227.0,327.0,0,,14.75,0.0,0.0
134,134.0,227.0,327.0,0,,14.875,0.0,0.0
135,135.0,222.91,315.14,1.0,4.76533842086792,15.0,12.54542546109937,0.0
136,136.0,222.91,315.14,0,,15.125,0.0,0.0
137,137.0,222.71,311.94,1.0,4.899608135223389,15.25,3.2062439083762673,0.0
138,138.0,222.8,311.57,1.0,4.822849750518799,15.375,0.3807886552932006,1.1660000000000108
139,139.0,222.89,311.34,1.0,4.692133903503418,15.5,0.24698178070457721,0.09320000000000583
140,140.0,223.0,310.5,1.0,5.192582607269287,15.625,0.8471717653462968,0.203100000000008
141,141.0,225.69,311.14,1.0,4.315976142883301,15.75,2.7650858937834046,-0.24169999999993608
142,142.0,226.5,313.0,1.0,5.0,15.875,2.028718807523619,3.3692999999999875
143,143.0,226.5,313.0,1.0,5.0,16.0,0.0,-0.0
144,144.0,226.5,313.24,1.0,5.224967002868652,16.125,0.2400000000000091,0.0
145,145.0,226.6,313.95,1.0,5.191349983215332,16.25,0.7170076708097131,0.17040000000000155
146,146.0,226.19,313.8,1.0,5.610304355621338,16.375,0.43657759905885046,-0.14749999999997812
147,147.0,226.0,314.35,1.0,5.1094512939453125,16.5,0.5818934610390561,-0.004599999999990778
148,148.0,225.89,314.66,1.0,4.692133903503418,16.625,0.32893768406797724,0.19140000000000712
149,149.0,225.92,314.43,1.0,5.05560827255249,16.75,0.23194827009488223,-0.0746000000000067
150,150.0,226.0,314.35,1.0,5.1094512939453125,16.875,0.11313708498984519,0.020799999999998257
151,151.0,226.0,314.35,1.0,5.1094512939453125,17.0,0.0,0.0
152,152.0,226.12,314.38,1.0,5.1610283851623535,17.125,0.12369316876852761,-0.0
153,153.0,225.92,314.43,1.0,5.05560827255249,17.25,0.20615528128090232,-0.02250000000000398
154,154.0,225.89,314.66,1.0,4.692133903503418,17.375,0.23194827009488223,0.017500000000004262
155,155.0,225.89,314.66,1.0,4.692133903503418,17.5,0.0,0.0
156,156.0,225.89,314.66,1.0,4.692133903503418,17.625,0.0,0.0
157,157.0,227.42,311.86,1.0,3.6131675243377686,17.75,3.190752262398331,0.0
158,158.0,225.8,314.4,1.0,5.13691520690918,17.875,3.012640038238843,-9.590599999999892
159,159.0,228.34,311.33,1.0,3.1094911098480225,18.0,3.984532594922511,-11.912599999999797
160,160.0,225.92,314.43,1.0,5.05560827255249,18.125,3.9327344176794115,-15.66380000000007
161,161.0,225.89,314.66,1.0,4.692133903503418,18.25,0.23194827009488223,0.7856000000000648
162,162.0,225.89,314.66,0,,18.375,0.0,0.0
163,163.0,225.89,314.66,0,,18.5,0.0,0.0
164,164.0,225.89,314.66,0,,18.625,0.0,0.0
165,165.0,225.89,314.66,0,,18.75,0.0,0.0
166,166.0,226.16,315.29,1.0,3.945650577545166,18.875,0.6854195795277516,-0.0
167,167.0,229.0,308.5,1.0,3.605551242828369,19.0,7.360006793475145,-3.5108999999999515
168,168.0,224.63,315.15,1.0,3.727257013320923,19.125,7.957348804721315,-57.56430000000001
169,169.0,226.45,312.06,1.0,3.1094911098480225,19.25,3.5861539286539026,-28.50189999999974
170,170.0,223.81,314.81,1.0,3.6345863342285156,19.375,3.812099159255951,-13.302299999999889
171,171.0,226.33,312.18,1.0,3.6131675243377686,19.5,3.642430507230032,-13.88529999999998
172,172.0,226.4,312.35,1.0,3.6131675243377686,19.625,0.18384776310851447,-0.27070000000005756
173,173.0,226.4,312.35,0,,19.75,0.0,-0.0
174,174.0,224.19,315.0,1.0,3.1094911098480225,19.875,3.4505941517367575,0.0
175,175.0,224.19,315.0,0,,20.0,0.0,0.0
176,176.0,224.19,315.0,0,,20.125,0.0,0.0
177,177.0,224.19,315.0,0,,20.25,0.0,0.0
178,178.0,224.19,315.0,0,,20.375,0.0,0.0
179,179.0,229.0,308.5,1.0,3.605551242828369,20.5,8.086167200843674,0.0
180,180.0,229.0,308.5,0,,20.625,0.0,0.0
181,181.0,229.0,308.5,0,,20.75,0.0,0.0
182,182.0,229.0,309.19,1.0,3.1094911098480225,20.875,0.6899999999999977,0.0
183,183.0,229.0,309.19,0,,21.0,0.0,0.0
184,184.0,229.0,309.19,0,,21.125,0.0,0.0
185,185.0,229.0,309.19,0,,21.25,0.0,0.0
186,186.0,229.0,309.19,0,,21.375,0.0,0.0
187,187.0,229.0,309.19,0,,21.5,0.0,0.0
188,188.0,229.0,309.19,0,,21.625,0.0,0.0
189,189.0,229.19,308.81,1.0,3.6345863342285156,21.75,0.4248529157249549,0.0
190,190.0,229.19,308.81,0,,21.875,0.0,0.0
191,191.0,229.19,308.81,0,,22.0,0.0,0.0
192,192.0,229.19,308.81,0,,22.125,0.0,0.0
193,193.0,229.19,308.81,0,,22.25,0.0,0.0
194,194.0,229.19,308.81,0,,22.375,0.0,0.0
195,195.0,229.19,308.81,0,,22.5,0.0,0.0
196,196.0,229.19,308.81,0,,22.625,0.0,0.0
197,197.0,229.19,308.81,0,,22.75,0.0,0.0
198,198.0,229.19,308.81,0,,22.875,0.0,0.0
199,199.0,229.19,308.81,0,,23.0,0.0,0.0
200,200.0,229.19,308.81,0,,23.125,0.0,0.0
201,201.0,229.19,308.81,0,,23.25,0.0,0.0
202,202.0,229.19,308.81,0,,23.375,0.0,0.0
203,203.0,229.19,308.81,0,,23.5,0.0,0.0
204,204.0,229.19,308.81,0,,23.625,0.0,0.0
205,205.0,229.19,308.81,0,,23.75,0.0,0.0
206,206.0,229.19,308.81,0,,23.875,0.0,0.0
207,207.0,229.19,308.81,0,,24.0,0.0,0.0
208,208.0,229.19,308.81,0,,24.125,0.0,0.0
209,209.0,229.19,308.81,0,,24.25,0.0,0.0
210,210.0,229.19,308.81,0,,24.375,0.0,0.0
211,211.0,229.19,308.81,0,,24.5,0.0,0.0
212,212.0,229.19,308.81,0,,24.625,0.0,0.0
213,213.0,229.19,308.81,0,,24.75,0.0,0.0
214,214.0,229.19,308.81,0,,24.875,0.0,0.0
215,215.0,229.19,308.81,0,,25.0,0.0,0.0
216,216.0,229.19,308.81,0,,25.125,0.0,0.0
217,217.0,229.19,308.81,0,,25.25,0.0,0.0
218,218.0,229.19,308.81,0,,25.375,0.0,0.0
219,219.0,229.19,308.81,0,,25.5,0.0,0.0
220,220.0,229.19,308.81,0,,25.625,0.0,0.0
221,221.0,229.19,308.81,0,,25.75,0.0,0.0
222,222.0,229.19,308.81,0,,25.875,0.0,0.0
223,223.0,223.0,314.5,1.0,3.605551242828369,26.0,8.407865365239857,0.0
224,224.0,222.57,314.23,1.0,4.545217514038086,26.125,0.5077400909914402,1.1254000000001452
225,225.0,222.59,314.28,1.0,3.7962162494659424,26.25,0.053851648071306615,-0.02209999999999135
226,226.0,222.63,314.54,1.0,4.432018280029297,26.375,0.2630589287593641,0.013799999999990814
227,227.0,222.43,314.23,1.0,4.545217514038086,26.5,0.3689173349139301,-0.08860000000001335
228,228.0,222.43,314.23,0,,26.625,0.0,0.0
229,229.0,222.5,314.5,1.0,4.242640495300293,26.75,0.27892651361960774,-0.0
230,230.0,222.5,314.5,1.0,4.242640495300293,26.875,0.0,-0.0
231,231.0,222.57,314.23,1.0,4.545217514038086,27.0,0.27892651361960774,0.0
232,232.0,222.43,314.23,1.0,4.545217514038086,27.125,0.13999999999998636,-0.00979999999999809
233,233.0,222.45,313.78,1.0,4.601396560668945,27.25,0.4504442251822529,-0.0027999999999971806
234,234.0,222.5,314.5,1.0,4.242640495300293,27.375,0.7217340230306732,-0.3230000000000457
235,235.0,222.37,314.46,1.0,4.432018280029297,27.5,0.1360147050873561,-0.035300000000017075
236,236.0,221.35,314.32,1.0,4.3034563064575195,27.625,1.0295630140987084,0.13819999999999902
237,237.0,221.5,315.0,1.0,3.605551242828369,27.75,0.6963476143421553,-0.248199999999999
238,238.0,221.0,314.67,1.0,3.971238136291504,27.875,0.5990826320299976,-0.2993999999999943
239,239.0,221.0,314.67,1.0,3.971238136291504,28.0,0.0,0.0
240,240.0,220.84,314.71,1.0,3.945650577545166,28.125,0.16492422502469428,0.0
241,241.0,220.5,315.0,1.0,3.605551242828369,28.25,0.44687805943010245,0.06599999999998965
242,242.0,220.84,314.71,1.0,3.945650577545166,28.375,0.44687805943010245,-0.1997000000000142
243,243.0,220.85,314.85,1.0,4.303342342376709,28.5,0.14035668847622446,-0.037200000000018454
244,244.0,220.46,314.63,1.0,4.432018280029297,28.625,0.44777226354476374,-0.03470000000000964
245,245.0,220.84,314.71,1.0,3.945650577545166,28.75,0.38832975677894427,-0.1657999999999917
246,246.0,220.19,315.0,1.0,3.1094911098480225,28.875,0.7117583859709833,-0.22380000000000216
247,247.0,221.0,314.33,1.0,3.971238136291504,29.0,1.0511898020814439,-0.7208000000000244
248,248.0,221.0,314.33,0,,29.125,0.0,0.0
249,249.0,220.37,314.78,1.0,3.6131675243377686,29.25,0.7742092740338261,0.0
250,250.0,220.37,314.78,0,,29.375,0.0,0.0
251,251.0,220.56,314.75,1.0,4.002221584320068,29.5,0.19235384061670693,0.0
252,252.0,219.81,315.0,1.0,3.1094911098480225,29.625,0.7905694150420949,-0.14999999999999147
253,253.0,219.0,315.0,1.0,4.4721360206604,29.75,0.8100000000000023,0.6075000000000017
254,254.0,218.69,314.86,1.0,4.315976142883301,29.875,0.34014702703389543,0.25110000000000254
255,255.0,218.69,315.14,1.0,4.315976142883301,30.0,0.2799999999999727,-0.03919999999999236
256,256.0,218.0,315.0,1.0,4.0,30.125,0.7040596565632724,-0.03919999999999236
257,257.0,218.0,315.0,1.0,3.4142136573791504,30.25,0.0,0.0
258,258.0,218.19,314.81,1.0,3.6345863342285156,30.375,0.26870057685088483,0.0
259,259.0,218.0,315.0,1.0,4.4721360206604,30.5,0.26870057685088483,-0.07219999999999827
260,260.0,218.0,315.0,1.0,4.4721360206604,30.625,0.0,0.0
261,261.0,218.33,315.0,1.0,3.971238136291504,30.75,0.3300000000000125,0.0
262,262.0,217.5,315.0,1.0,4.123105525970459,30.875,0.8300000000000125,-0.2739000000000145
263,263.0,217.1,314.89,1.0,4.296176433563232,31.0,0.4148493702538399,0.33200000000000973
264,264.0,216.5,315.0,1.0,4.123105525970459,31.125,0.6099999999999969,0.22789999999999813
265,265.0,216.1,315.11,1.0,4.296176433563232,31.25,0.4148493702538399,0.25210000000000415
266,266.0,216.1,315.11,0,,31.375,0.0,0.0
267,267.0,213.0,317.0,1.0,4.4721360206604,31.5,3.6307161827936802,0.0
268,268.0,213.12,316.8,1.0,4.468204498291016,31.625,0.23323807579380462,-0.7499999999999892
269,269.0,212.97,316.81,1.0,4.6045098304748535,31.75,0.15033296378373415,-0.01999999999999943
270,270.0,211.92,317.5,1.0,4.993624687194824,31.875,1.2564234954823237,0.16440000000000135
271,271.0,211.47,317.39,1.0,5.1036248207092285,32.0,0.46324939287601097,0.396599999999984
272,272.0,211.89,317.34,1.0,4.692133903503418,32.125,0.42296571965112095,-0.18349999999998767
273,273.0,211.89,317.34,0,,32.25,0.0,0.0
274,274.0,210.24,319.07,1.0,4.326507091522217,32.375,2.3906902768865708,0.0
275,275.0,210.0,319.0,1.0,4.4721360206604,32.5,0.25000000000000683,0.27490000000002013
276,276.0,210.31,319.14,1.0,4.315976142883301,32.625,0.34014702703389543,-0.08420000000000145
277,277.0,210.16,319.0,1.0,4.341928958892822,32.75,0.20518284528682676,-0.06609999999999829
278,278.0,209.29,319.29,1.0,4.610671520233154,32.875,0.9170605214488408,0.08990000000000672
279,279.0,209.29,319.29,0,,33.0,0.0,0.0
280,280.0,209.38,319.47,1.0,4.8545074462890625,33.125,0.2012461179749887,-0.0
281,281.0,209.03,319.7,1.0,4.823901176452637,33.25,0.4188078318274125,0.009899999999993928
282,282.0,207.53,320.61,1.0,5.1036248207092285,33.375,1.7544514812328227,0.734299999999962
283,283.0,207.16,321.0,1.0,4.341928958892822,33.5,0.5375872022286177,0.9099000000000041
284,284.0,207.15,321.15,1.0,4.4892377853393555,33.625,0.15033296378370578,0.06219999999998577
285,285.0,207.16,321.0,1.0,4.341928958892822,33.75,0.15033296378370578,-0.022599999999992997
286,286.0,207.15,321.15,1.0,4.4892377853393555,33.875,0.15033296378370578,-0.022599999999992997
287,287.0,207.16,321.0,1.0,4.341928958892822,34.0,0.15033296378370578,-0.022599999999992997
288,288.0,207.16,321.0,1.0,4.341928958892822,34.125,0.0,0.0
289,289.0,207.16,321.0,1.0,4.341928958892822,34.25,0.0,0.0
290,290.0,207.16,321.0,1.0,4.341928958892822,34.375,0.0,0.0
291,291.0,206.88,321.2,1.0,4.468204498291016,34.5,0.3440930106816994,0.0
292,292.0,207.0,321.0,1.0,4.4721360206604,34.625,0.23323807579380462,-0.07359999999999686
293,293.0,207.0,321.0,1.0,4.4721360206604,34.75,0.0,0.0
294,294.0,207.31,321.14,1.0,4.315976142883301,34.875,0.34014702703389543,-0.0
295,295.0,206.85,321.15,1.0,4.303342342376709,35.0,0.46010868281310136,-0.1412000000000049
296,296.0,207.0,321.0,1.0,4.4721360206604,35.125,0.2121320343559522,-0.07050000000000221
297,297.0,207.69,321.14,1.0,4.315976142883301,35.25,0.7040596565632724,0.0825000000000088
298,298.0,207.0,321.0,1.0,4.4721360206604,35.375,0.7040596565632724,-0.49569999999999304
299,299.0,205.8,322.14,1.0,4.570525646209717,35.5,1.655173706896029,0.6684000000000069
300,300.0,205.89,321.74,1.0,4.530705451965332,35.625,0.40999999999997233,-0.5639999999999376
301,301.0,204.66,323.11,1.0,4.692133903503418,35.75,1.8411409506064405,-0.6586999999999389
302,302.0,204.81,323.1,1.0,4.732710361480713,35.875,0.15033296378373415,-0.19819999999999305
303,303.0,203.23,323.95,1.0,5.405422210693359,36.0,1.7941293152947424,-0.2455000000000028
304,304.0,203.23,323.95,0,,36.125,0.0,0.0
305,305.0,203.23,323.95,0,,36.25,0.0,0.0
306,306.0,203.04,324.21,1.0,4.893936634063721,36.375,0.3220248437620837,0.0
307,307.0,203.04,324.21,0,,36.5,0.0,0.0
308,308.0,202.79,324.4,1.0,5.220398426055908,36.625,0.31400636936215026,0.0
309,309.0,202.75,324.53,1.0,5.288117408752441,36.75,0.13601470508734775,0.03469999999999685
310,310.0,202.75,324.53,0,,36.875,0.0,0.0
311,311.0,202.7,324.9,1.0,5.414120674133301,37.0,0.3733630940518954,0.0
312,312.0,202.53,324.35,1.0,5.299516201019287,37.125,0.575673518584923,-0.19499999999998435
313,313.0,202.8,324.8,1.0,5.016746520996094,37.25,0.5247856705360726,-0.2933999999999717
314,314.0,201.47,325.38,1.0,4.8545074462890625,37.375,1.4509651959988616,-0.09810000000003072
315,315.0,201.5,325.5,1.0,5.099019527435303,37.5,0.12369316876853449,0.029699999999998845
316,316.0,200.0,326.5,1.0,4.561553001403809,37.625,1.8027756377319946,0.07500000000000284
317,317.0,198.45,327.84,1.0,5.4165358543396,37.75,2.0489265482198156,3.664999999999992
318,318.0,198.45,327.84,0,,37.875,0.0,0.0
319,319.0,198.44,327.82,1.0,5.129790306091309,38.0,0.02236067977497756,0.0
320,320.0,198.44,327.82,0,,38.125,0.0,0.0
321,321.0,198.67,327.74,1.0,4.696133136749268,38.25,0.24351591323770352,0.0
322,322.0,198.32,328.0,1.0,5.297451019287109,38.375,0.43600458713182283,-0.10129999999999026
323,323.0,198.86,327.69,1.0,4.315976142883301,38.5,0.6226556030423428,-0.26960000000000184
324,324.0,198.45,327.84,1.0,5.4165358543396,38.625,0.43657759905887716,-0.2679000000000152
325,325.0,198.57,327.67,1.0,5.296806812286377,38.75,0.2080865204668173,-0.07469999999999485
326,326.0,198.45,327.84,1.0,5.4165358543396,38.875,0.2080865204668173,-0.043299999999987175
327,327.0,198.36,327.64,1.0,4.890987396240234,39.0,0.21931712199459247,-0.02319999999999247
328,328.0,198.32,328.0,1.0,5.297451019287109,39.125,0.36221540552551246,-0.0683999999999978
329,329.0,198.57,327.67,1.0,5.296806812286377,39.25,0.4140048308896763,-0.12880000000000388
330,330.0,198.82,327.62,1.0,5.339798927307129,39.375,0.2549509756796415,0.07900000000000296
331,331.0,198.29,327.97,1.0,5.210171222686768,39.5,0.6351377803280301,-0.1500000000000054
332,332.0,198.5,327.74,1.0,4.823337554931641,39.625,0.31144823004796757,-0.19180000000001604
333,333.0,198.32,328.0,1.0,5.297451019287109,39.75,0.31622776601683433,-0.0976000000000055
334,334.0,198.32,328.0,0,,39.875,0.0,0.0
335,335.0,198.36,328.3,1.0,5.555476665496826,40.0,0.3026549190084451,-0.0
336,336.0,198.32,328.0,1.0,5.297451019287109,40.125,0.3026549190084451,-0.09160000000000847
337,337.0,198.47,327.72,1.0,5.2554545402526855,40.25,0.3176476034853504,0.0779999999999917
338,338.0,198.47,327.72,0,,40.375,0.0,0.0
339,339.0,198.23,327.95,1.0,5.405422210693359,40.5,0.33241540277187304,0.0
340,340.0,198.34,327.78,1.0,5.1918840408325195,40.625,0.20248456731318665,-0.06550000000000136
341,341.0,198.44,327.82,1.0,5.129790306091309,40.75,0.1077032961426924,0.004199999999996623
342,342.0,198.44,327.82,1.0,5.129790306091309,40.875,0.0,-0.0
343,343.0,198.67,327.74,1.0,4.696133136749268,41.0,0.24351591323770352,0.0
344,344.0,198.44,327.82,1.0,5.129790306091309,41.125,0.24351591323770352,-0.05929999999999275
345,345.0,198.45,328.09,1.0,5.2296576499938965,41.25,0.2701851217221074,0.01929999999999644
346,346.0,198.44,327.82,1.0,5.129790306091309,41.375,0.2701851217221074,-0.07299999999999
347,347.0,198.45,327.84,1.0,5.4165358543396,41.5,0.02236067977497756,-0.005499999999994543
348,348.0,198.45,327.84,1.0,5.4165358543396,41.625,0.0,-0.0
349,349.0,198.45,327.84,0,,41.75,0.0,0.0
350,350.0,198.44,327.82,1.0,5.129790306091309,41.875,0.02236067977497756,0.0
351,351.0,198.44,327.82,0,,42.0,0.0,0.0
352,352.0,198.23,327.95,1.0,5.405422210693359,42.125,0.24698178070457377,0.0
353,353.0,198.23,327.95,1.0,5.405422210693359,42.25,0.0,0.0
354,354.0,198.45,327.84,1.0,5.4165358543396,42.375,0.24596747752498194,0.0
355,355.0,198.32,328.0,1.0,5.297451019287109,42.5,0.20615528128089958,-0.04620000000000379
356,356.0,198.32,328.0,0,,42.625,0.0,0.0
357,357.0,198.32,328.0,1.0,5.1373982429504395,42.75,0.0,0.0
358,358.0,198.24,327.78,1.0,5.0041985511779785,42.875,0.2340939982144127,0.0
359,359.0,198.24,327.78,0,,43.0,0.0,0.0
360,360.0,198.86,327.31,1.0,4.315976142883301,43.125,0.7780102827083829,0.0
361,361.0,199.0,327.33,1.0,3.971238136291504,43.25,0.14142135623729343,0.07740000000000131
362,362.0,198.85,327.15,1.0,4.303342342376709,43.375,0.2343074902772085,-0.02459999999999561
363,363.0,198.63,327.37,1.0,3.5036489963531494,43.5,0.3111269837220994,-0.006600000000005338
364,364.0,197.48,328.52,1.0,3.1622776985168457,43.625,1.6263455967290472,0.5060000000000263
365,365.0,196.67,330.0,1.0,3.971238136291504,43.75,1.6871573726241598,2.6334999999999944
366,366.0,196.41,330.28,1.0,3.7962162494659424,43.875,0.3820994634908298,0.6249999999999579
367,367.0,196.33,330.0,1.0,4.051835536956787,44.0,0.2912043955711901,-0.05759999999998958
368,368.0,196.41,329.72,1.0,3.7962162494659424,44.125,0.2912043955711901,0.07199999999998727
369,369.0,196.41,329.72,1.0,3.7962162494659424,44.25,0.0,0.0
370,370.0,196.41,329.72,1.0,3.7962162494659424,44.375,0.0,0.0
371,371.0,196.27,329.67,1.0,4.186751365661621,44.5,0.14866068747317604,0.0
372,372.0,196.33,330.0,1.0,4.051835536956787,44.625,0.3354101966249532,-0.024900000000002455
373,373.0,196.41,329.72,1.0,3.7962162494659424,44.75,0.2912043955711901,-0.08759999999998731
374,374.0,196.33,330.0,1.0,4.051835536956787,44.875,0.2912043955711901,-0.08479999999998217
375,375.0,196.41,329.72,1.0,3.7962162494659424,45.0,0.2912043955711901,-0.08479999999998217
376,376.0,196.33,330.0,1.0,4.051835536956787,45.125,0.2912043955711901,-0.08479999999998217
377,377.0,196.33,330.0,1.0,4.051835536956787,45.25,0.0,0.0
378,378.0,196.33,330.0,0,,45.375,0.0,0.0
379,379.0,196.41,329.72,1.0,3.7962162494659424,45.5,0.2912043955711901,0.0
380,380.0,196.33,330.0,1.0,4.051835536956787,45.625,0.2912043955711901,-0.08479999999998217
381,381.0,196.33,330.0,1.0,4.051835536956787,45.75,0.0,0.0
382,382.0,196.41,329.72,1.0,3.7962162494659424,45.875,0.2912043955711901,0.0
383,383.0,196.41,329.72,1.0,3.7962162494659424,46.0,0.0,0.0
384,384.0,196.41,329.72,1.0,3.7962162494659424,46.125,0.0,0.0
385,385.0,196.41,329.72,1.0,3.7962162494659424,46.25,0.0,0.0
386,386.0,196.41,329.72,1.0,3.7962162494659424,46.375,0.0,0.0
387,387.0,196.41,329.72,1.0,3.7962162494659424,46.5,0.0,0.0
388,388.0,195.56,331.29,1.0,5.086126327514648,46.625,1.7853291013143682,0.0
389,389.0,195.56,331.29,0,,46.75,0.0,0.0
390,390.0,195.56,331.29,0,,46.875,0.0,0.0
391,391.0,194.98,332.26,1.0,4.764636993408203,47.0,1.1301769772915908,0.0
392,392.0,194.33,333.26,1.0,4.696133136749268,47.125,1.192686044187644,1.3469999999999653
393,393.0,194.66,333.22,1.0,5.1918840408325195,47.25,0.33241540277187304,-0.25449999999994577
394,394.0,194.56,333.18,1.0,5.129790306091309,47.375,0.1077032961426924,-0.031399999999997166
395,395.0,194.5,333.5,1.0,5.099019527435303,47.5,0.32557641192198783,-0.006800000000006389
396,396.0,194.43,333.33,1.0,5.296806812286377,47.625,0.18384776310851447,-0.05020000000000418
397,397.0,194.36,333.64,1.0,4.890987396240234,47.75,0.3178049716414148,-0.047800000000006275
398,398.0,194.5,333.5,1.0,5.099019527435303,47.875,0.197989898732214,-0.053199999999994176
399,399.0,194.34,333.78,1.0,5.1918840408325195,48.0,0.32249030993191663,-0.0615999999999897
400,400.0,194.24,333.27,1.0,5.692787170410156,48.125,0.5197114584074413,-0.1267999999999848
401,401.0,194.0,333.5,1.0,4.561553001403809,48.25,0.3324154027719124,-0.09330000000000764
402,402.0,194.52,333.37,1.0,5.280052661895752,48.375,0.5360037313303047,-0.1547000000000085
403,403.0,194.24,333.68,1.0,4.863711833953857,48.5,0.4177319714841109,-0.18590000000000234
404,404.0,194.24,333.68,1.0,4.863711833953857,48.625,0.0,0.0
405,405.0,194.26,333.65,1.0,5.0993170738220215,48.75,0.0360555127546544,0.0
406,406.0,194.38,333.38,1.0,5.385092258453369,48.875,0.2954657340538684,0.010500000000005342
407,407.0,194.08,333.43,1.0,5.05560827255249,49.0,0.304138126514896,-0.04950000000000147
408,408.0,194.4,333.57,1.0,5.233476638793945,49.125,0.3492849839314479,-0.08899999999999159
409,409.0,194.56,333.29,1.0,5.086126327514648,49.25,0.32249030993191663,0.012000000000005458
410,410.0,194.1,333.81,1.0,4.732710361480713,49.375,0.694262198308383,-0.2191999999999804
411,411.0,194.47,333.39,1.0,5.1036248207092285,49.5,0.5597320787662761,-0.3886000000000057
412,412.0,194.11,333.66,1.0,4.692133903503418,49.625,0.4500000000000114,-0.2466000000000167
413,413.0,193.75,334.61,1.0,5.397921562194824,49.75,1.015923225445697,0.38610000000003325
414,414.0,193.54,334.34,1.0,5.5167036056518555,49.875,0.3420526275297768,-0.18090000000002793
415,415.0,193.5,335.0,1.0,5.733963489532471,50.0,0.661211010192686,-0.16980000000003362
416,416.0,193.19,335.16,1.0,5.620962142944336,50.125,0.34885527085026163,0.11800000000001813
417,417.0,191.12,337.95,1.0,5.0737762451171875,50.25,3.4740466318113477,1.0881000000000665
418,418.0,191.1,338.81,1.0,4.732710361480713,50.375,0.8602325267042765,2.440800000000028
419,419.0,191.0,338.5,1.0,4.561553001403809,50.5,0.32572994949804707,-0.2646000000000053
420,420.0,191.1,338.81,1.0,4.732710361480713,50.625,0.32572994949804707,-0.10610000000000028
421,421.0,191.38,338.62,1.0,5.333674430847168,50.75,0.33837848631377226,-0.030900000000001208
422,422.0,191.0,338.5,1.0,4.561553001403809,50.875,0.3984971769034225,-0.08359999999999856
423,423.0,190.91,338.84,1.0,5.301436424255371,51.0,0.35171010790135615,-0.006599999999997656
424,424.0,190.92,338.94,1.0,4.610969543457031,51.125,0.10049875621123061,0.033100000000006014
425,425.0,191.0,339.0,1.0,4.4721360206604,51.25,0.10000000000001137,0.006800000000000989
426,426.0,191.0,339.0,1.0,4.4721360206604,51.375,0.0,-0.0
427,427.0,191.09,338.77,1.0,4.84678316116333,51.5,0.24698178070458757,0.0
428,428.0,191.0,339.0,1.0,4.4721360206604,51.625,0.24698178070458757,-0.06100000000000898
429,429.0,191.0,339.0,1.0,4.4721360206604,51.75,0.0,0.0
430,430.0,190.92,338.94,1.0,4.610969543457031,51.875,0.10000000000001137,0.0
431,431.0,191.0,338.5,1.0,4.561553001403809,52.0,0.4472135954999579,0.019999999999998862
432,432.0,190.88,339.05,1.0,5.0737762451171875,52.125,0.5629387178015148,-0.2516000000000056
433,433.0,191.0,339.0,1.0,4.4721360206604,52.25,0.13000000000000855,-0.04190000000000791
434,434.0,191.1,338.81,1.0,4.732710361480713,52.375,0.21470910553583422,0.02150000000000182
435,435.0,190.91,338.84,1.0,5.301436424255371,52.5,0.19235384061670693,-0.02469999999999344
436,436.0,190.92,338.57,1.0,5.05560827255249,52.625,0.2701851217221074,-0.009999999999990336
437,437.0,191.02,338.71,1.0,4.985156059265137,52.75,0.17204650534085464,-0.03679999999999445
438,438.0,191.09,338.31,1.0,5.1076507568359375,52.875,0.4060788100849155,-0.048999999999990454
439,439.0,191.0,339.0,1.0,4.4721360206604,53.0,0.6958448102845903,-0.28229999999998306
440,440.0,190.23,340.16,1.0,5.590212821960449,53.125,1.3923002549737875,0.8697000000000182
441,441.0,190.02,340.23,1.0,4.897009372711182,53.25,0.221359436211765,0.24289999999998022
442,442.0,189.84,340.63,1.0,5.2867536544799805,53.375,0.43863424398920825,0.06579999999999343
443,443.0,189.84,340.63,1.0,5.2867536544799805,53.5,0.0,0.0
444,444.0,189.83,340.78,1.0,5.101354122161865,53.625,0.15033296378370578,0.0
445,445.0,189.81,340.89,1.0,5.5527472496032715,53.75,0.11180339887500473,0.016699999999999465
446,446.0,190.15,340.84,1.0,4.896280288696289,53.875,0.3436568055487967,-0.01230000000000548
447,447.0,189.88,341.05,1.0,5.0737762451171875,54.0,0.34205262752977184,-0.1023000000000086
448,448.0,189.88,341.05,1.0,5.0737762451171875,54.125,0.0,0.0
449,449.0,189.91,340.84,1.0,5.301436424255371,54.25,0.21213203435600042,0.0
450,450.0,189.7,340.9,1.0,5.414120674133301,54.375,0.21840329667842381,-0.018900000000003137
451,451.0,188.5,343.9,1.0,5.161395072937012,54.5,3.2310988842806982,0.432000000000014
452,452.0,188.64,344.19,1.0,5.151428699493408,54.625,0.3220248437621049,0.7020000000000793
453,453.0,188.25,345.29,1.0,4.895727634429932,54.75,1.1670903992407955,0.26440000000003633
454,454.0,188.25,346.29,1.0,4.895727634429932,54.875,1.0,1.1000000000000227
455,455.0,188.25,346.29,0,,55.0,0.0,0.0
456,456.0,188.2,346.74,1.0,4.644400119781494,55.125,0.4527692569068608,0.0
457,457.0,188.2,346.26,1.0,4.644400119781494,55.25,0.4800000000000182,-0.21600000000000272
458,458.0,188.2,346.26,0,,55.375,0.0,0.0
459,459.0,188.16,346.63,1.0,5.2867536544799805,55.5,0.3721558813185715,0.0
460,460.0,188.16,346.63,0,,55.625,0.0,0.0
461,461.0,188.14,348.0,1.0,5.092528343200684,55.75,1.3701459776242868,0.0
462,462.0,188.07,348.09,1.0,5.535979747772217,55.875,0.11401754250988987,0.12469999999996673
463,463.0,187.92,349.58,1.0,5.004884243011475,56.0,1.4975313018431464,0.14459999999996292
464,464.0,188.09,349.86,1.0,4.76533842086792,56.125,0.3275667870832175,0.39170000000004324
465,465.0,187.9,350.19,1.0,4.732710361480713,56.25,0.3807886552931805,0.06010000000000266
466,466.0,188.0,349.86,1.0,5.660571098327637,56.375,0.34481879299131646,-0.1278999999999882
467,467.0,188.07,349.94,1.0,5.561904430389404,56.5,0.10630145812733002,-0.019399999999994554
468,468.0,188.07,349.94,0,,56.625,0.0,-0.0
469,469.0,188.07,349.94,0,,56.75,0.0,0.0
470,470.0,188.67,353.26,1.0,4.696133136749268,56.875,3.373781261433519,-0.0
471,471.0,188.71,353.06,1.0,4.899608135223389,57.0,0.20396078054370426,-0.6399999999999488
472,472.0,188.71,353.06,1.0,4.899608135223389,57.125,0.0,0.0
473,473.0,188.67,353.26,1.0,4.696133136749268,57.25,0.20396078054370426,0.0
474,474.0,188.67,353.26,1.0,4.696133136749268,57.375,0.0,0.0
475,475.0,188.67,353.26,0,,57.5,0.0,0.0
476,476.0,188.58,353.05,1.0,5.097162246704102,57.625,0.22847319317588857,0.0
477,477.0,188.58,353.05,0,,57.75,0.0,0.0
478,478.0,188.6666717529297,353.26263427734375,4.0,4.696133136749268,57.875,0.22961996572031054,-0.0
479,479.0,188.79,354.77,1.0,5.712489604949951,58.0,1.5124024855720046,0.33120669648905754
480,480.0,189.09,357.69,1.0,5.1076507568359375,58.125,2.9353705047233984,4.438506384277314
481,481.0,189.4,358.05,1.0,5.191349983215332,58.25,0.4750789408087999,1.1442000000000498
482,482.0,189.09,357.84,1.0,5.301436424255371,58.375,0.3744329045370034,-0.17170000000001737
483,483.0,189.12,358.33,1.0,5.101672172546387,58.5,0.49091750834535225,-0.11220000000002016
484,484.0,189.0,358.0,1.0,4.4721360206604,58.625,0.35114099732157533,-0.16529999999999548
485,485.0,189.26,358.1,1.0,5.619037628173828,58.75,0.27856776554368207,-0.064200000000006
486,486.0,189.16,357.77,1.0,5.025547981262207,58.875,0.34481879299137086,-0.05900000000000921
487,487.0,189.4,357.95,1.0,5.191349983215332,59.0,0.30000000000001137,-0.08340000000000916
488,488.0,189.0,358.0,1.0,4.4721360206604,59.125,0.40311288741493456,-0.0870000000000026
489,489.0,189.0,358.0,0,,59.25,0.0,0.0
490,490.0,189.0,358.16,1.0,4.341928958892822,59.375,0.160000000000025,0.0
491,491.0,189.09,358.16,1.0,5.301436424255371,59.5,0.09000000000000341,-0.0
492,492.0,189.0,358.35,1.0,5.1094512939453125,59.625,0.21023796041628579,-0.008100000000000614
493,493.0,189.0,358.5,1.0,5.0,59.75,0.14999999999997726,0.028499999999995338
494,494.0,189.0,358.5,1.0,5.0,59.875,0.0,0.0
495,495.0,188.21,408.7,8.0,3.849656343460083,60.0,50.20621575064186,0.0
496,496.0,197.34,362.22,1.0,5.1918840408325195,60.125,47.36820980362248,-2340.5086999999976
497,497.0,197.6,364.9,1.0,4.0850114822387695,60.25,2.6925824035672012,-122.19259999999765
498,498.0,197.6,364.9,0,,60.375,0.0,-0.0
499,499.0,197.6,364.9,0,,60.5,0.0,0.0
500,500.0,197.6,364.9,0,,60.625,0.0,0.0
501,501.0,197.6,364.9,0,,60.75,0.0,0.0
502,502.0,197.6,364.9,0,,60.875,0.0,0.0
503,503.0,197.6,364.9,0,,61.0,0.0,0.0
504,504.0,197.6,364.9,0,,61.125,0.0,0.0
505,505.0,197.6,364.9,0,,61.25,0.0,0.0
506,506.0,197.6,364.9,0,,61.375,0.0,0.0
507,507.0,197.6,364.9,0,,61.5,0.0,0.0
508,508.0,197.6,364.9,0,,61.625,0.0,0.0
509,509.0,197.6,364.9,0,,61.75,0.0,0.0
510,510.0,197.6,364.9,0,,61.875,0.0,0.0
511,511.0,197.6,364.9,0,,62.0,0.0,0.0
512,512.0,197.6,364.9,0,,62.125,0.0,0.0
513,513.0,197.6,364.9,0,,62.25,0.0,0.0
514,514.0,197.6,364.9,0,,62.375,0.0,0.0
515,515.0,197.6,364.9,0,,62.5,0.0,0.0
516,516.0,197.6,364.9,0,,62.625,0.0,0.0
517,517.0,197.6,364.9,0,,62.75,0.0,0.0
518,518.0,197.6,364.9,0,,62.875,0.0,0.0
519,519.0,197.6,364.9,0,,63.0,0.0,0.0
520,520.0,197.6,364.9,0,,63.125,0.0,0.0
521,521.0,197.6,364.9,0,,63.25,0.0,0.0
522,522.0,197.6,364.9,0,,63.375,0.0,0.0
523,523.0,197.6,364.9,0,,63.5,0.0,0.0
524,524.0,197.6,364.9,0,,63.625,0.0,0.0
525,525.0,197.6,364.9,0,,63.75,0.0,0.0
526,526.0,197.6,364.9,0,,63.875,0.0,0.0
527,527.0,197.6,364.9,0,,64.0,0.0,0.0
528,528.0,197.6,364.9,0,,64.125,0.0,0.0
529,529.0,197.6,364.9,0,,64.25,0.0,0.0
530,530.0,197.6,364.9,0,,64.375,0.0,0.0
531,531.0,197.6,364.9,0,,64.5,0.0,0.0
532,532.0,197.6,364.9,0,,64.625,0.0,0.0
533,533.0,197.6,364.9,0,,64.75,0.0,0.0
534,534.0,197.6,364.9,0,,64.875,0.0,0.0
535,535.0,197.6,364.9,0,,65.0,0.0,0.0
536,536.0,197.6,364.9,0,,65.125,0.0,0.0
537,537.0,197.6,364.9,0,,65.25,0.0,0.0
538,538.0,197.6,364.9,0,,65.375,0.0,0.0
539,539.0,197.6,364.9,0,,65.5,0.0,0.0
540,540.0,197.6,364.9,0,,65.625,0.0,0.0
541,541.0,197.6,364.9,0,,65.75,0.0,0.0
542,542.0,197.6,364.9,0,,65.875,0.0,0.0
543,543.0,197.6,364.9,0,,66.0,0.0,0.0
544,544.0,197.6,364.9,0,,66.125,0.0,0.0
545,545.0,197.6,364.9,0,,66.25,0.0,0.0
546,546.0,197.6,364.9,0,,66.375,0.0,0.0
547,547.0,197.6,364.9,0,,66.5,0.0,0.0
548,548.0,197.6,364.9,0,,66.625,0.0,0.0
549,549.0,197.6,364.9,0,,66.75,0.0,0.0
550,550.0,197.6,364.9,0,,66.875,0.0,0.0
551,551.0,197.6,364.9,0,,67.0,0.0,0.0
552,552.0,197.6,364.9,0,,67.125,0.0,0.0
553,553.0,197.6,364.9,0,,67.25,0.0,0.0
554,554.0,197.6,364.9,0,,67.375,0.0,0.0
555,555.0,197.6,364.9,0,,67.5,0.0,0.0
556,556.0,197.6,364.9,0,,67.625,0.0,0.0
557,557.0,197.6,364.9,0,,67.75,0.0,0.0
558,558.0,197.6,364.9,0,,67.875,0.0,0.0
559,559.0,197.6,364.9,0,,68.0,0.0,0.0
560,560.0,197.6,364.9,0,,68.125,0.0,0.0
561,561.0,197.6,364.9,0,,68.25,0.0,0.0
562,562.0,197.6,364.9,0,,68.375,0.0,0.0
563,563.0,197.6,364.9,0,,68.5,0.0,0.0
564,564.0,197.6,364.9,0,,68.625,0.0,0.0
565,565.0,197.6,364.9,0,,68.75,0.0,0.0
566,566.0,197.6,364.9,0,,68.875,0.0,0.0
567,567.0,197.6,364.9,0,,69.0,0.0,0.0
568,568.0,197.6,364.9,0,,69.125,0.0,0.0
569,569.0,197.6,364.9,0,,69.25,0.0,0.0
570,570.0,197.6,364.9,0,,69.375,0.0,0.0
571,571.0,197.6,364.9,0,,69.5,0.0,0.0
572,572.0,197.6,364.9,0,,69.625,0.0,0.0
573,573.0,197.6,364.9,0,,69.75,0.0,0.0
574,574.0,197.6,364.9,0,,69.875,0.0,0.0
575,575.0,197.6,364.9,0,,70.0,0.0,0.0
576,576.0,197.6,364.9,0,,70.125,0.0,0.0
577,577.0,197.6,364.9,0,,70.25,0.0,0.0
578,578.0,197.6,364.9,0,,70.375,0.0,0.0
579,579.0,197.6,364.9,0,,70.5,0.0,0.0
580,580.0,197.6,364.9,0,,70.625,0.0,0.0
581,581.0,197.6,364.9,0,,70.75,0.0,0.0
582,582.0,197.6,364.9,0,,70.875,0.0,0.0
583,583.0,197.6,364.9,0,,71.0,0.0,0.0
584,584.0,197.6,364.9,0,,71.125,0.0,0.0
585,585.0,197.6,364.9,0,,71.25,0.0,0.0
586,586.0,197.6,364.9,0,,71.375,0.0,0.0
587,587.0,197.6,364.9,0,,71.5,0.0,0.0
588,588.0,197.6,364.9,0,,71.625,0.0,0.0
589,589.0,197.6,364.9,0,,71.75,0.0,0.0
590,590.0,197.6,364.9,0,,71.875,0.0,0.0
591,591.0,197.6,364.9,0,,72.0,0.0,0.0
592,592.0,197.6,364.9,0,,72.125,0.0,0.0
593,593.0,198.5,372.0,1.0,3.3027756214141846,72.25,7.156814934033179,-0.0
594,594.0,198.5,372.0,0,,72.375,0.0,-0.0
595,595.0,198.63,372.22,1.0,3.6131675243377686,72.5,0.2555386467836339,-0.0
596,596.0,198.78,371.78,1.0,3.594604969024658,72.625,0.46486557196683187,-0.07730000000002395
597,597.0,198.78,371.78,0,,72.75,0.0,0.0
598,598.0,198.5,372.0,1.0,3.3027756214141846,72.875,0.35608987629531486,0.0
599,599.0,198.73,372.67,1.0,4.186751365661621,73.0,0.7083784299370053,0.0830000000000244
600,600.0,198.86,372.69,1.0,4.315976142883301,73.125,0.13152946437967988,0.04329999999999229
601,601.0,198.86,372.69,1.0,4.315976142883301,73.25,0.0,-0.0
602,602.0,198.8,373.14,1.0,4.570525646209717,73.375,0.45398237851263573,0.0
603,603.0,199.0,373.0,1.0,4.4721360206604,73.5,0.24413111231465692,-0.07499999999999205
604,604.0,199.0,373.0,1.0,4.4721360206604,73.625,0.0,0.0
605,605.0,198.9,373.19,1.0,4.732710361480713,73.75,0.21470910553583422,0.0
606,606.0,198.81,374.0,1.0,4.820444583892822,73.875,0.8149846624323701,0.16289999999999843
607,607.0,198.77,374.43,1.0,5.381554126739502,74.0,0.4318564576337897,0.35190000000000593
608,608.0,198.77,374.43,1.0,5.381554126739502,74.125,0.0,0.0
609,609.0,198.79,376.21,1.0,5.07512092590332,74.25,1.780112356004503,-0.0
610,610.0,198.86,377.28,1.0,5.486300945281982,74.375,1.07228727494081,1.905999999999958
611,611.0,199.0,376.5,1.0,5.192582607269287,74.5,0.7924645102463287,-0.8247999999999635
612,612.0,199.0,377.13,1.0,5.480214595794678,74.625,0.6299999999999955,-0.49139999999997924
613,613.0,198.89,376.95,1.0,4.487804889678955,74.75,0.2109502310973028,-0.11340000000000348
614,614.0,198.8,377.14,1.0,4.8203043937683105,74.875,0.21023796041627363,-0.024300000000002413
615,615.0,199.11,376.95,1.0,4.487804889678955,75.0,0.3635931792539576,-0.06399999999999159
616,616.0,199.0,377.14,1.0,4.603072166442871,75.125,0.21954498400100633,-0.07020000000000362
617,617.0,198.76,377.5,1.0,4.608570098876953,75.25,0.4326661530556951,0.09480000000000605
618,618.0,198.89,377.34,1.0,4.692133903503418,75.375,0.20615528128089958,-0.08880000000001127
619,619.0,199.0,377.16,1.0,4.341928958892822,75.5,0.2109502310972543,0.04309999999999777
620,620.0,198.89,377.34,1.0,4.692133903503418,75.625,0.2109502310972543,-0.044499999999984996
621,621.0,199.0,377.5,1.0,4.561553001403809,75.75,0.19416487838950433,0.016699999999993498
622,622.0,199.0,377.5,0,,75.875,0.0,-0.0
623,623.0,199.0,377.5,0,,76.0,0.0,0.0
624,624.0,199.0,377.5,0,,76.125,0.0,0.0
625,625.0,199.0,377.5,0,,76.25,0.0,0.0
626,626.0,199.0,377.5,0,,76.375,0.0,0.0
627,627.0,199.0,377.5,0,,76.5,0.0,0.0
628,628.0,199.0,377.5,0,,76.625,0.0,0.0
629,629.0,199.0,377.5,0,,76.75,0.0,0.0
630,630.0,199.0,377.5,0,,76.875,0.0,0.0
631,631.0,199.0,377.5,0,,77.0,0.0,0.0
632,632.0,199.0,377.5,0,,77.125,0.0,0.0
633,633.0,199.0,377.5,0,,77.25,0.0,0.0
634,634.0,199.0,377.5,0,,77.375,0.0,0.0
635,635.0,199.0,377.5,0,,77.5,0.0,0.0
636,636.0,199.0,377.5,0,,77.625,0.0,0.0
637,637.0,199.0,377.5,0,,77.75,0.0,0.0
638,638.0,199.0,377.5,0,,77.875,0.0,0.0
639,639.0,199.0,377.5,0,,78.0,0.0,0.0
640,640.0,199.0,377.5,0,,78.125,0.0,0.0
641,641.0,199.0,377.5,0,,78.25,0.0,0.0
642,642.0,199.0,377.5,0,,78.375,0.0,0.0
643,643.0,199.0,377.5,0,,78.5,0.0,0.0
644,644.0,199.0,377.5,0,,78.625,0.0,0.0
645,645.0,199.0,377.5,0,,78.75,0.0,0.0
646,646.0,199.0,377.5,0,,78.875,0.0,0.0
647,647.0,199.0,377.5,0,,79.0,0.0,0.0
648,648.0,199.0,377.5,0,,79.125,0.0,0.0
649,649.0,199.0,377.5,0,,79.25,0.0,0.0
650,650.0,199.0,377.5,0,,79.375,0.0,0.0
651,651.0,199.0,377.5,0,,79.5,0.0,0.0
652,652.0,199.0,377.5,0,,79.625,0.0,0.0
653,653.0,199.0,377.5,0,,79.75,0.0,0.0
654,654.0,199.0,377.5,0,,79.875,0.0,0.0
655,655.0,199.0,377.5,0,,80.0,0.0,0.0
656,656.0,199.0,377.5,0,,80.125,0.0,0.0
657,657.0,199.0,377.5,0,,80.25,0.0,0.0
658,658.0,199.0,377.5,0,,80.375,0.0,0.0
659,659.0,199.0,377.5,0,,80.5,0.0,0.0
660,660.0,199.0,377.5,0,,80.625,0.0,0.0
661,661.0,199.0,377.5,0,,80.75,0.0,0.0
662,662.0,199.0,377.5,0,,80.875,0.0,0.0
663,663.0,199.0,377.5,0,,81.0,0.0,0.0
664,664.0,199.0,377.5,0,,81.125,0.0,0.0
665,665.0,199.0,377.5,0,,81.25,0.0,0.0
666,666.0,199.0,377.5,0,,81.375,0.0,0.0
667,667.0,199.0,377.5,0,,81.5,0.0,0.0
668,668.0,199.0,377.5,0,,81.625,0.0,0.0
669,669.0,199.0,377.5,0,,81.75,0.0,0.0
670,670.0,199.0,377.5,0,,81.875,0.0,0.0
671,671.0,199.0,377.5,0,,82.0,0.0,0.0
672,672.0,199.0,377.5,0,,82.125,0.0,0.0
673,673.0,199.0,377.5,0,,82.25,0.0,0.0
674,674.0,199.0,377.5,0,,82.375,0.0,0.0
675,675.0,199.0,377.5,0,,82.5,0.0,0.0
676,676.0,199.0,377.5,0,,82.625,0.0,0.0
677,677.0,199.0,377.5,0,,82.75,0.0,0.0
678,678.0,199.0,377.5,0,,82.875,0.0,0.0
679,679.0,199.0,377.5,0,,83.0,0.0,0.0
680,680.0,199.0,377.5,0,,83.125,0.0,0.0
681,681.0,199.0,377.5,0,,83.25,0.0,0.0
682,682.0,199.0,377.5,0,,83.375,0.0,0.0
683,683.0,199.34,379.19,1.0,4.702559947967529,83.5,1.7238619434281839,-0.0
684,684.0,199.34,379.19,0,,83.625,0.0,-0.0
685,685.0,199.33,380.0,1.0,3.971238136291504,83.75,0.8100617260431475,0.0
686,686.0,200.0,379.5,1.0,4.561553001403809,83.875,0.8360023923410645,-0.4116999999999949
687,687.0,199.5,380.0,1.0,5.0,84.0,0.7071067811865476,-0.5849999999999937
688,688.0,199.15,380.15,1.0,4.303342342376709,84.125,0.38078865529318123,0.2499999999999858
689,689.0,199.62,381.08,1.0,5.155735969543457,84.25,1.042017274328987,-0.025000000000017036
690,690.0,199.69,380.9,1.0,4.952038288116455,84.375,0.19313207915828354,-0.13450000000001086
691,691.0,199.9,381.19,1.0,4.732710361480713,84.5,0.35805027579938437,-0.037500000000006535
692,692.0,199.86,380.69,1.0,4.315976142883301,84.625,0.5015974481593775,-0.1534000000000089
693,693.0,199.89,381.34,1.0,4.692133903503418,84.75,0.6506919393998736,-0.3261999999999873
694,694.0,200.0,383.0,1.0,4.4721360206604,84.875,1.6636405861844337,1.0822999999999758
695,695.0,200.14,382.69,1.0,4.315976142883301,85.0,0.34014702703389543,-0.4992000000000111
696,696.0,200.14,382.69,0,,85.125,0.0,0.0
697,697.0,199.98,382.74,1.0,4.764636993408203,85.25,0.16763054614240225,0.0
698,698.0,199.98,382.74,0,,85.375,0.0,0.0
699,699.0,200.9,384.81,1.0,4.732710361480713,85.5,2.2652372944131045,-0.0
700,700.0,201.1,385.19,1.0,4.732710361480713,85.625,0.42941821107166844,0.9705999999999807
701,701.0,201.0,385.0,1.0,5.656854152679443,85.75,0.21470910553583422,-0.092199999999996
702,702.0,201.07,385.06,1.0,5.561904430389404,85.875,0.09219544457292517,-0.018399999999999216
703,703.0,201.0,385.0,1.0,4.4721360206604,86.0,0.09219544457292517,-0.008499999999999317
704,704.0,201.9,387.81,1.0,4.732710361480713,86.125,2.9506101064017294,-0.23160000000000078
705,705.0,201.81,388.0,1.0,4.820444583892822,86.25,0.21023796041628579,0.4528999999999905
706,706.0,202.13,388.19,1.0,5.621143817901611,86.375,0.37215588131856087,0.007299999999998655
707,707.0,202.0,388.5,1.0,5.0,86.5,0.33615472627943255,0.01730000000000207
708,708.0,201.93,387.94,1.0,5.561904430389404,86.625,0.5643580423808999,-0.16450000000000317
709,709.0,201.91,388.16,1.0,5.301436424255371,86.75,0.2209072203437733,-0.1218000000000152
710,710.0,202.0,388.5,1.0,5.0,86.875,0.35171010790135615,0.07300000000000278
711,711.0,201.91,388.16,1.0,5.301436424255371,87.0,0.35171010790135615,-0.1236999999999836
712,712.0,201.91,388.16,1.0,5.301436424255371,87.125,0.0,0.0
713,713.0,201.89,388.66,1.0,4.692133903503418,87.25,0.5003998401278725,0.0
714,714.0,201.92,388.43,1.0,5.05560827255249,87.375,0.23194827009488223,-0.11560000000000943
715,715.0,201.89,388.66,1.0,4.692133903503418,87.5,0.23194827009488223,-0.05380000000000843
716,716.0,202.02,388.77,1.0,4.897009372711182,87.625,0.17029386365925434,0.0213999999999912
717,717.0,202.0,388.35,1.0,5.1094512939453125,87.75,0.4204759208325323,-0.048799999999979166
718,718.0,202.0,388.35,1.0,5.1094512939453125,87.875,0.0,0.0
719,719.0,201.89,388.66,1.0,4.692133903503418,88.0,0.32893768406797724,0.0
720,720.0,201.89,388.66,0,,88.125,0.0,0.0
721,721.0,201.89,388.66,0,,88.25,0.0,0.0
722,722.0,202.0,390.35,1.0,5.1094512939453125,88.375,1.6935760980835775,-0.0
723,723.0,202.08,390.58,1.0,5.004884243011475,88.5,0.243515913237686,0.3974999999999366
724,724.0,202.23,390.95,1.0,5.405422210693359,88.625,0.3992492955535383,0.0970999999999868
725,725.0,202.38,390.25,1.0,5.451833724975586,88.75,0.7158910531638077,-0.23650000000000151
726,726.0,202.19,390.34,1.0,5.487504005432129,88.875,0.21023796041627363,-0.0914999999999822
727,727.0,202.0,390.35,1.0,5.1094512939453125,89.0,0.19026297590440472,0.03700000000000318
728,728.0,202.02,390.84,1.0,5.476293087005615,89.125,0.49040799340952185,0.0011000000000210204
729,729.0,202.12,390.38,1.0,5.1610283851623535,89.25,0.4707440918375716,-0.2233999999999671
730,730.0,202.2,390.46,1.0,5.1344475746154785,89.375,0.1131370849898251,-0.028799999999993088
731,731.0,202.2,390.46,0,,89.5,0.0,-0.0
732,732.0,202.0,390.5,1.0,5.0,89.625,0.20396078054370426,0.0
733,733.0,202.23,390.23,1.0,5.007096767425537,89.75,0.3546829570193435,-0.056800000000000135
734,734.0,202.2,390.26,1.0,4.644400119781494,89.875,0.04242640687117436,-0.014999999999992042
735,735.0,202.24,390.5,1.0,4.608570098876953,90.0,0.24331050121194112,0.005999999999993065
736,736.0,202.0,390.16,1.0,4.341928958892822,90.125,0.41617304093368107,-0.09120000000000236
737,737.0,202.2,390.43,1.0,4.822849750518799,90.25,0.33600595232820746,-0.13979999999998616
738,738.0,202.2,390.43,1.0,4.822849750518799,90.375,0.0,-0.0
739,739.0,202.11,390.66,1.0,4.692133903503418,90.5,0.24698178070457721,0.0
740,740.0,202.24,390.5,1.0,4.608570098876953,90.625,0.20615528128089958,-0.048500000000005004
741,741.0,202.2,390.26,1.0,4.644400119781494,90.75,0.24331050121194112,0.033200000000004976
742,742.0,202.2,390.26,1.0,4.644400119781494,90.875,0.0,0.0
743,743.0,202.29,390.06,1.0,4.899608135223389,91.0,0.21931712199460413,0.0
744,744.0,202.2,390.46,1.0,5.1344475746154785,91.125,0.40999999999997855,-0.08809999999999152
745,745.0,202.2,390.46,0,,91.25,0.0,0.0
746,746.0,202.12,390.38,1.0,5.1610283851623535,91.375,0.1131370849898251,0.0
747,747.0,202.12,390.38,1.0,5.1610283851623535,91.5,0.0,0.0
748,748.0,202.12,390.38,0,,91.625,0.0,0.0
749,749.0,202.5,392.0,1.0,5.733963489532471,91.75,1.6639711535961226,-0.0
750,750.0,202.5,392.0,0,,91.875,0.0,-0.0
751,751.0,202.5,392.1,1.0,5.161395072937012,92.0,0.10000000000002274,0.0
752,752.0,202.55,392.32,1.0,5.439187526702881,92.125,0.22561028345354325,0.022000000000002046
753,753.0,202.43,392.43,1.0,5.212822437286377,92.25,0.16278820596100962,0.01819999999999816
754,754.0,202.68,392.43,1.0,5.2422003746032715,92.375,0.25,-0.030000000000001137
755,755.0,202.76,393.5,1.0,4.608570098876953,92.5,1.0729864864013818,0.01999999999999602
756,756.0,202.89,393.66,1.0,4.692133903503418,92.625,0.20615528128089958,0.18160000000002324
757,757.0,202.89,393.66,1.0,4.692133903503418,92.75,0.0,-0.0
758,758.0,202.89,393.66,0,,92.875,0.0,0.0
759,759.0,202.9,394.07,1.0,4.403299808502197,93.0,0.4101219330881662,-0.0
760,760.0,202.73,393.75,1.0,4.277985095977783,93.125,0.36235341863987025,-0.13289999999999047
761,761.0,202.73,393.75,0,,93.25,0.0,0.0
762,762.0,202.73,393.75,0,,93.375,0.0,0.0
763,763.0,202.73,393.75,0,,93.5,0.0,0.0
764,764.0,202.73,393.75,0,,93.625,0.0,0.0
765,765.0,203.0,394.5,1.0,4.123105525970459,93.75,0.7971198153351888,-0.0
766,766.0,202.89,393.9,1.0,4.296176433563232,93.875,0.6100000000000249,-0.4797000000000219
767,767.0,203.0,394.33,1.0,3.971238136291504,94.0,0.4438468204234529,-0.2701000000000169
768,768.0,203.0,394.5,1.0,4.123105525970459,94.125,0.17000000000001592,0.073100000000008
769,769.0,203.0,394.5,1.0,4.123105525970459,94.25,0.0,0.0
770,770.0,202.89,394.34,1.0,4.692133903503418,94.375,0.19416487838950433,0.0
771,771.0,202.76,394.5,1.0,4.608570098876953,94.5,0.20615528128089958,-0.011300000000006732
772,772.0,203.0,394.16,1.0,4.341928958892822,94.625,0.41617304093368107,-0.08560000000000459
773,773.0,202.76,394.5,1.0,4.608570098876953,94.75,0.41617304093368107,-0.17319999999998736
774,774.0,202.89,394.34,1.0,4.692133903503418,94.875,0.20615528128089958,-0.08560000000000459
775,775.0,203.0,394.5,1.0,4.123105525970459,95.0,0.19416487838950433,-0.011300000000006732
776,776.0,202.76,394.5,1.0,4.608570098876953,95.125,0.2400000000000091,-0.026400000000004274
777,777.0,202.76,394.5,0,,95.25,0.0,0.0
778,778.0,203.0,394.5,1.0,5.0,95.375,0.2400000000000091,0.0
779,779.0,202.89,394.34,1.0,4.692133903503418,95.5,0.19416487838950433,-0.026400000000004274
780,780.0,202.92,395.42,1.0,5.004884243011475,95.625,1.0804165863221873,-0.1761000000000341
781,781.0,202.9,395.81,1.0,4.732710361480713,95.75,0.39051248379531817,0.42060000000000175
782,782.0,202.9,395.81,0,,95.875,0.0,0.0
783,783.0,202.9,395.81,1.0,4.732710361480713,96.0,0.0,0.0
784,784.0,203.12,395.33,1.0,5.101672172546387,96.125,0.5280151512977794,0.0
785,785.0,203.12,395.33,0,,96.25,0.0,0.0
786,786.0,204.08,397.57,1.0,5.05560827255249,96.375,2.4370473938764623,-0.0
787,787.0,204.08,397.57,1.0,5.05560827255249,96.5,0.0,-0.0
788,788.0,204.28,397.35,1.0,5.329564571380615,96.625,0.2973213749463406,0.0
789,789.0,204.28,397.76,1.0,5.645675182342529,96.75,0.40999999999996817,-0.09019999999998088
790,790.0,204.12,397.62,1.0,5.1610283851623535,96.875,0.21260291625468145,-0.05739999999998995
791,791.0,205.07,397.92,1.0,4.672696113586426,97.0,0.9962429422585564,-0.19399999999999246
792,792.0,205.07,397.92,0,,97.125,0.0,-0.0
793,793.0,205.0,397.5,1.0,5.0,97.25,0.42579337712089,0.0
794,794.0,205.1,397.81,1.0,4.732710361480713,97.375,0.32572994949804707,-0.13720000000000482
795,795.0,205.28,397.65,1.0,5.329564571380615,97.5,0.24083189157586762,-0.031600000000008455
796,796.0,205.39,397.53,1.0,5.1036248207092285,97.625,0.16278820596099042,0.03900000000000182
797,797.0,206.15,398.85,1.0,4.303342342376709,97.75,1.5231546211728346,-0.07480000000002111
798,798.0,206.15,398.85,0,,97.875,0.0,-0.0
799,799.0,206.76,398.07,1.0,4.326507091522217,98.0,0.9902019995940364,0.0
800,800.0,206.78,398.63,1.0,3.6131675243377686,98.125,0.5603570290448786,-0.4246000000000124
801,801.0,207.0,398.67,1.0,3.971238136291504,98.25,0.22360679774998152,0.026800000000013778
802,802.0,208.28,398.59,1.0,3.7962162494659424,98.375,1.2824975633505156,0.27839999999999554
803,803.0,209.0,398.5,1.0,3.605551242828369,98.5,0.7256031973468653,0.928800000000001
804,804.0,209.0,398.67,1.0,3.971238136291504,98.625,0.17000000000001592,-0.01529999999999718
805,805.0,208.72,398.59,1.0,3.7962162494659424,98.75,0.29120439557123307,-0.01360000000000823
806,806.0,209.0,398.5,1.0,3.605551242828369,98.875,0.2941088233970483,-0.07119999999999896
807,807.0,209.46,398.63,1.0,4.432018280029297,99.0,0.4780167361086912,0.11710000000000641
808,808.0,209.46,398.63,0,,99.125,0.0,-0.0
809,809.0,209.46,398.63,0,,99.25,0.0,0.0
810,810.0,209.8,398.81,1.0,5.610304355621338,99.375,0.38470768123343313,-0.0
811,811.0,209.5,399.0,1.0,5.0,99.5,0.3551056180913025,-0.067800000000004
812,812.0,209.5,399.0,0,,99.625,0.0,0.0
813,813.0,209.34,398.89,1.0,4.692133903503418,99.75,0.1941648783894809,0.0
814,814.0,209.34,398.89,1.0,4.692133903503418,99.875,0.0,0.0
815,815.0,209.47,398.88,1.0,5.113492012023926,100.0,0.13038404810404775,0.0
816,816.0,209.66,398.89,1.0,4.692133903503418,100.125,0.19026297590440172,0.024599999999999022
817,817.0,211.19,398.9,1.0,4.732710361480713,100.25,1.5300326793895624,0.29079999999999656
818,818.0,210.58,398.92,1.0,5.004884243011475,100.375,0.6103277807866716,-0.9330999999999778
819,819.0,212.0,398.81,1.0,4.820444583892822,100.5,1.4242541907959996,-0.868399999999976
820,820.0,213.54,398.63,1.0,4.432018280029297,100.625,1.5504837954651374,2.206599999999973
821,821.0,213.54,398.63,1.0,4.432018280029297,100.75,0.0,0.0
822,822.0,213.15,398.85,1.0,4.303342342376709,100.875,0.44777226354476374,0.0
823,823.0,213.81,398.81,1.0,3.6345863342285156,101.0,0.6612110101926594,-0.2661999999999953
824,824.0,213.0,398.5,1.0,3.605551242828369,101.125,0.8672946442818641,-0.5221999999999923
825,825.0,213.5,399.0,1.0,4.123105525970459,101.25,0.7071067811865476,-0.5600000000000023
826,826.0,213.28,398.59,1.0,3.7962162494659424,101.375,0.46529560496529515,-0.31500000000001194
827,827.0,213.5,399.0,1.0,4.123105525970459,101.5,0.46529560496529515,-0.21650000000002
828,828.0,213.0,398.5,1.0,3.605551242828369,101.625,0.7071067811865476,-0.31500000000001194
829,829.0,213.5,398.5,1.0,4.242640495300293,101.75,0.5,-0.25
830,830.0,214.0,398.5,1.0,3.605551242828369,101.875,0.5,0.25
831,831.0,213.31,398.86,1.0,4.315976142883301,102.0,0.7782673062643751,-0.34499999999999886
832,832.0,213.5,398.76,1.0,4.608570098876953,102.125,0.21470910553584746,-0.16710000000000755
833,833.0,213.5,398.76,1.0,4.608570098876953,102.25,0.0,0.0
834,834.0,213.5,398.76,1.0,4.608570098876953,102.375,0.0,0.0
835,835.0,213.66,398.89,1.0,4.692133903503418,102.5,0.2061552812808775,-0.0
836,836.0,213.5,398.76,1.0,4.608570098876953,102.625,0.2061552812808775,-0.04249999999999773
837,837.0,213.66,398.89,1.0,4.692133903503418,102.75,0.2061552812808775,-0.04249999999999773
838,838.0,213.69,398.86,1.0,4.315976142883301,102.875,0.04242640687117436,0.0009000000000037628
839,839.0,214.0,398.67,1.0,4.051835536956787,103.0,0.3635931792539576,0.014999999999995168
840,840.0,213.53,398.62,1.0,4.8545074462890625,103.125,0.47265209192385904,-0.13619999999999868
841,841.0,213.06,398.71,1.0,4.899608135223389,103.25,0.47853944456021014,0.21639999999999915
842,842.0,213.06,398.71,1.0,4.899608135223389,103.375,0.0,0.0
843,843.0,213.34,398.89,1.0,4.692133903503418,103.5,0.3328663395418694,-0.0
844,844.0,214.05,398.7,1.0,5.115325927734375,103.625,0.7349829930005255,0.16460000000000213
845,845.0,214.05,398.7,0,,103.75,0.0,0.0
846,846.0,214.72,398.98,1.0,5.232892990112305,103.875,0.7261542535852832,-0.0
847,847.0,214.72,398.98,0,,104.0,0.0,-0.0
848,848.0,214.72,398.98,0,,104.125,0.0,0.0
849,849.0,215.55,399.15,1.0,3.864551067352295,104.25,0.8472307831990094,-0.0
850,850.0,215.16,398.29,1.0,3.945650577545166,104.375,0.9442986815621089,-0.46989999999997456
851,851.0,215.16,398.29,1.0,3.945650577545166,104.5,0.0,0.0
852,852.0,215.63,398.22,1.0,3.6131675243377686,104.625,0.47518417482066677,0.0
853,853.0,215.37,398.37,1.0,3.5036489963531494,104.75,0.30016662039605346,-0.1326999999999928
854,854.0,215.15,398.15,1.0,4.303342342376709,104.875,0.3111269837220994,0.02419999999999861
855,855.0,215.22,398.63,1.0,3.6131675243377686,105.0,0.48507731342541316,-0.12100000000001551
856,856.0,215.5,398.5,1.0,3.1622776985168457,105.125,0.30870698080866177,-0.04280000000000202
857,857.0,215.0,398.5,1.0,3.605551242828369,105.25,0.5,-0.14000000000000057
858,858.0,215.5,398.5,1.0,3.1622776985168457,105.375,0.5,-0.25
859,859.0,215.22,398.63,1.0,3.6131675243377686,105.5,0.30870698080866177,-0.14000000000000057
860,860.0,215.5,398.5,1.0,3.1622776985168457,105.625,0.30870698080866177,-0.09529999999999945
861,861.0,215.22,398.63,1.0,3.6131675243377686,105.75,0.30870698080866177,-0.09529999999999945
862,862.0,215.55,399.15,1.0,3.864551067352295,105.875,0.6158733636065042,-0.024800000000008607
863,863.0,215.72,398.5,1.0,3.576000213623047,106.0,0.6718630812896078,-0.2818999999999784
864,864.0,215.36,399.0,1.0,4.201554775238037,106.125,0.6161168720299659,-0.3861999999999816
865,865.0,215.36,399.0,1.0,4.201554775238037,106.25,0.0,0.0
866,866.0,215.36,399.0,0,,106.375,0.0,0.0
867,867.0,215.81,398.0,1.0,3.1094911098480225,106.5,1.0965856099730606,0.0
868,868.0,215.81,398.0,0,,106.625,0.0,0.0
869,869.0,216.22,397.5,1.0,3.7834935188293457,106.75,0.6466065264130862,0.0
870,870.0,219.3,399.21,1.0,3.849656343460083,106.875,3.5228539566663857,0.4078000000000048
871,871.0,219.67,399.0,1.0,3.971238136291504,107.0,0.42544094772362206,0.7804999999999704
872,872.0,219.67,399.0,0,,107.125,0.0,0.0
873,873.0,219.67,399.0,1.0,3.971238136291504,107.25,0.0,0.0
874,874.0,219.37,398.78,1.0,3.6131675243377686,107.375,0.37202150475476786,0.0
875,875.0,219.5,399.0,1.0,3.605551242828369,107.5,0.2555386467836339,-0.08740000000000842
876,876.0,219.5,399.0,0,,107.625,0.0,-0.0
877,877.0,219.5,399.0,1.0,3.605551242828369,107.75,0.0,0.0
878,878.0,219.5,399.0,0,,107.875,0.0,0.0
879,879.0,219.5,399.0,0,,108.0,0.0,0.0
880,880.0,219.5,399.0,0,,108.125,0.0,0.0
881,881.0,219.5,399.0,0,,108.25,0.0,0.0
882,882.0,219.5,399.0,0,,108.375,0.0,0.0
883,883.0,219.5,399.0,0,,108.5,0.0,0.0
884,884.0,219.5,399.0,0,,108.625,0.0,0.0
885,885.0,219.5,399.0,0,,108.75,0.0,0.0
886,886.0,219.5,399.0,0,,108.875,0.0,0.0
887,887.0,219.5,399.0,0,,109.0,0.0,0.0
888,888.0,219.5,399.0,0,,109.125,0.0,0.0
889,889.0,219.5,399.0,0,,109.25,0.0,0.0
890,890.0,219.5,399.0,0,,109.375,0.0,0.0
891,891.0,219.5,399.0,0,,109.5,0.0,0.0
892,892.0,219.5,399.0,0,,109.625,0.0,0.0
893,893.0,219.5,399.0,0,,109.75,0.0,0.0
894,894.0,219.5,399.0,0,,109.875,0.0,0.0
895,895.0,219.5,399.0,0,,110.0,0.0,0.0
896,896.0,219.5,399.0,0,,110.125,0.0,0.0
897,897.0,219.5,399.0,0,,110.25,0.0,0.0
898,898.0,219.5,399.0,0,,110.375,0.0,0.0
899,899.0,219.5,399.0,0,,110.5,0.0,0.0
900,900.0,219.5,399.0,0,,110.625,0.0,0.0
901,901.0,219.5,399.0,0,,110.75,0.0,0.0
902,902.0,188.22,308.37,1.0,3.6131675243377686,110.875,95.87614562548914,0.0
903,903.0,188.22,308.37,0,,111.0,0.0,0.0
904,904.0,188.22,308.37,0,,111.125,0.0,0.0
905,905.0,188.22,308.37,0,,111.25,0.0,0.0
906,906.0,188.22,308.37,0,,111.375,0.0,0.0
907,907.0,188.22,308.37,0,,111.5,0.0,0.0
908,908.0,188.22,308.37,0,,111.625,0.0,0.0
909,909.0,188.22,308.37,0,,111.75,0.0,0.0
910,910.0,188.22,308.37,0,,111.875,0.0,0.0
911,911.0,188.22,308.37,0,,112.0,0.0,0.0
912,912.0,188.22,308.37,0,,112.125,0.0,0.0
913,913.0,188.22,308.37,0,,112.25,0.0,0.0
914,914.0,188.22,308.37,0,,112.375,0.0,0.0
915,915.0,188.22,308.37,0,,112.5,0.0,0.0
916,916.0,188.22,308.37,0,,112.625,0.0,0.0
917,917.0,188.22,308.37,0,,112.75,0.0,0.0
918,918.0,188.22,308.37,0,,112.875,0.0,0.0
919,919.0,188.22,308.37,0,,113.0,0.0,0.0
920,920.0,188.22,308.37,0,,113.125,0.0,0.0
921,921.0,188.22,308.37,0,,113.25,0.0,0.0
922,922.0,188.22,308.37,0,,113.375,0.0,0.0
923,923.0,188.22,308.37,0,,113.5,0.0,0.0
924,924.0,188.22,308.37,0,,113.625,0.0,0.0
925,925.0,188.22,308.37,0,,113.75,0.0,0.0
926,926.0,188.22,308.37,0,,113.875,0.0,0.0
927,927.0,188.22,308.37,0,,114.0,0.0,0.0
928,928.0,188.22,308.37,0,,114.125,0.0,0.0
929,929.0,188.22,308.37,0,,114.25,0.0,0.0
930,930.0,188.22,308.37,0,,114.375,0.0,0.0
931,931.0,188.22,308.37,0,,114.5,0.0,0.0
932,932.0,188.22,308.37,0,,114.625,0.0,0.0
933,933.0,188.22,308.37,0,,114.75,0.0,0.0
934,934.0,188.22,308.37,0,,114.875,0.0,0.0
935,935.0,188.22,308.37,0,,115.0,0.0,0.0
936,936.0,188.22,308.37,0,,115.125,0.0,0.0
937,937.0,188.22,308.37,0,,115.25,0.0,0.0
938,938.0,188.22,308.37,0,,115.375,0.0,0.0
939,939.0,188.22,308.37,0,,115.5,0.0,0.0
940,940.0,188.22,308.37,0,,115.625,0.0,0.0
941,941.0,188.22,308.37,0,,115.75,0.0,0.0
942,942.0,188.22,308.37,0,,115.875,0.0,0.0
943,943.0,188.22,308.37,0,,116.0,0.0,0.0
944,944.0,188.22,308.37,0,,116.125,0.0,0.0
945,945.0,188.22,308.37,0,,116.25,0.0,0.0
946,946.0,188.22,308.37,0,,116.375,0.0,0.0
947,947.0,188.22,308.37,0,,116.5,0.0,0.0
948,948.0,188.22,308.37,0,,116.625,0.0,0.0
949,949.0,188.22,308.37,0,,116.75,0.0,0.0
950,950.0,188.22,308.37,0,,116.875,0.0,0.0
951,951.0,188.22,308.37,0,,117.0,0.0,0.0
952,952.0,188.22,308.37,0,,117.125,0.0,0.0
953,953.0,188.22,308.37,0,,117.25,0.0,0.0
954,954.0,188.22,308.37,0,,117.375,0.0,0.0
955,955.0,188.22,308.37,0,,117.5,0.0,0.0
956,956.0,188.22,308.37,0,,117.625,0.0,0.0
957,957.0,188.22,308.37,0,,117.75,0.0,0.0
958,958.0,188.22,308.37,0,,117.875,0.0,0.0
959,959.0,188.22,308.37,0,,118.0,0.0,0.0
960,960.0,188.22,308.37,0,,118.125,0.0,0.0
961,961.0,188.22,308.37,0,,118.25,0.0,0.0
962,962.0,188.22,308.37,0,,118.375,0.0,0.0
963,963.0,188.22,308.37,0,,118.5,0.0,0.0
964,964.0,188.22,308.37,0,,118.625,0.0,0.0
965,965.0,188.22,308.37,0,,118.75,0.0,0.0
966,966.0,188.22,308.37,0,,118.875,0.0,0.0
967,967.0,188.22,308.37,0,,119.0,0.0,0.0
968,968.0,188.22,308.37,0,,119.125,0.0,0.0
969,969.0,188.22,308.37,0,,119.25,0.0,0.0
970,970.0,188.22,308.37,0,,119.375,0.0,0.0
971,971.0,188.22,308.37,0,,119.5,0.0,0.0
972,972.0,188.22,308.37,0,,119.625,0.0,0.0
973,973.0,188.22,308.37,0,,119.75,0.0,0.0
974,974.0,188.22,308.37,0,,119.875,0.0,0.0
975,975.0,188.22,308.37,0,,120.0,0.0,0.0
976,976.0,188.22,308.37,0,,120.125,0.0,0.0
977,977.0,188.22,308.37,0,,120.25,0.0,0.0
978,978.0,188.22,308.37,0,,120.375,0.0,0.0
979,979.0,188.22,308.37,0,,120.5,0.0,0.0
980,980.0,188.22,308.37,0,,120.625,0.0,0.0
981,981.0,188.22,308.37,0,,120.75,0.0,0.0
982,982.0,188.22,308.37,0,,120.875,0.0,0.0
983,983.0,188.22,308.37,0,,121.0,0.0,0.0
984,984.0,188.22,308.37,0,,121.125,0.0,0.0
985,985.0,188.22,308.37,0,,121.25,0.0,0.0
986,986.0,188.22,308.37,0,,121.375,0.0,0.0
987,987.0,188.22,308.37,0,,121.5,0.0,0.0
988,988.0,188.22,308.37,0,,121.625,0.0,0.0
989,989.0,188.22,308.37,0,,121.75,0.0,0.0
990,990.0,188.22,308.37,0,,121.875,0.0,0.0
991,991.0,188.22,308.37,0,,122.0,0.0,0.0
992,992.0,188.22,308.37,0,,122.125,0.0,0.0
993,993.0,188.22,308.37,0,,122.25,0.0,0.0
994,994.0,188.22,308.37,0,,122.375,0.0,0.0
995,995.0,188.22,308.37,0,,122.5,0.0,0.0
