,frame,x,y,blobs,blob_size,sec,distance,dot_product
0,0,576.5,139.5,0,,-1.75,,
1,1.0,576.5,139.5,0,,-1.625,0.0,
2,2.0,576.5,139.5,0,,-1.5,0.0,0.0
3,3.0,576.5,139.5,0,,-1.375,0.0,0.0
4,4.0,576.5,139.5,0,,-1.25,0.0,0.0
5,5.0,576.5,139.5,0,,-1.125,0.0,0.0
6,6.0,576.5,139.5,0,,-1.0,0.0,0.0
7,7.0,576.5,139.5,0,,-0.875,0.0,0.0
8,8.0,576.5,139.5,0,,-0.75,0.0,0.0
9,9.0,576.5,139.5,0,,-0.625,0.0,0.0
10,10.0,576.5,139.5,0,,-0.5,0.0,0.0
11,11.0,576.5,139.5,0,,-0.375,0.0,0.0
12,12.0,576.5,139.5,0,,-0.25,0.0,0.0
13,13.0,576.5,139.5,0,,-0.125,0.0,0.0
14,14.0,576.5,139.5,0,,0.0,0.0,0.0
15,15.0,576.5,139.5,0,,0.125,0.0,0.0
16,16.0,576.5,139.5,0,,0.25,0.0,0.0
17,17.0,576.5,139.5,0,,0.375,0.0,0.0
18,18.0,576.5,139.5,0,,0.5,0.0,0.0
19,19.0,576.5,139.5,0,,0.625,0.0,0.0
20,20.0,576.5,139.5,0,,0.75,0.0,0.0
21,21.0,576.5,139.5,0,,0.875,0.0,0.0
22,22.0,576.5,139.5,0,,1.0,0.0,0.0
23,23.0,576.5,139.5,0,,1.125,0.0,0.0
24,24.0,576.5,139.5,0,,1.25,0.0,0.0
25,25.0,576.5,139.5,0,,1.375,0.0,0.0
26,26.0,576.5,139.5,0,,1.5,0.0,0.0
27,27.0,576.5,139.5,0,,1.625,0.0,0.0
28,28.0,576.5,139.5,0,,1.75,0.0,0.0
29,29.0,576.5,139.5,0,,1.875,0.0,0.0
30,30.0,576.5,139.5,0,,2.0,0.0,0.0
31,31.0,576.5,139.5,0,,2.125,0.0,0.0
32,32.0,576.5,139.5,0,,2.25,0.0,0.0
33,33.0,576.5,139.5,0,,2.375,0.0,0.0
34,34.0,576.5,139.5,0,,2.5,0.0,0.0
35,35.0,576.5,139.5,0,,2.625,0.0,0.0
36,36.0,576.5,139.5,0,,2.75,0.0,0.0
37,37.0,576.5,139.5,0,,2.875,0.0,0.0
38,38.0,576.5,139.5,0,,3.0,0.0,0.0
39,39.0,576.5,139.5,0,,3.125,0.0,0.0
40,40.0,576.5,139.5,0,,3.25,0.0,0.0
41,41.0,576.5,139.5,0,,3.375,0.0,0.0
42,42.0,576.5,139.5,0,,3.5,0.0,0.0
43,43.0,576.5,139.5,0,,3.625,0.0,0.0
44,44.0,576.5,139.5,0,,3.75,0.0,0.0
45,45.0,576.5,139.5,0,,3.875,0.0,0.0
46,46.0,576.5,139.5,0,,4.0,0.0,0.0
47,47.0,576.5,139.5,0,,4.125,0.0,0.0
48,48.0,576.5,139.5,0,,4.25,0.0,0.0
49,49.0,576.5,139.5,0,,4.375,0.0,0.0
50,50.0,576.5,139.5,0,,4.5,0.0,0.0
51,51.0,576.5,139.5,0,,4.625,0.0,0.0
52,52.0,576.5,139.5,0,,4.75,0.0,0.0
53,53.0,576.5,139.5,0,,4.875,0.0,0.0
54,54.0,576.5,139.5,0,,5.0,0.0,0.0
55,55.0,576.5,139.5,0,,5.125,0.0,0.0
56,56.0,576.5,139.5,0,,5.25,0.0,0.0
57,57.0,576.5,139.5,0,,5.375,0.0,0.0
58,58.0,576.5,139.5,0,,5.5,0.0,0.0
59,59.0,576.5,139.5,0,,5.625,0.0,0.0
60,60.0,576.5,139.5,0,,5.75,0.0,0.0
61,61.0,576.5,139.5,0,,5.875,0.0,0.0
62,62.0,576.5,139.5,0,,6.0,0.0,0.0
63,63.0,576.5,139.5,0,,6.125,0.0,0.0
64,64.0,576.5,139.5,0,,6.25,0.0,0.0
65,65.0,576.5,139.5,0,,6.375,0.0,0.0
66,66.0,576.5,139.5,0,,6.5,0.0,0.0
67,67.0,576.5,139.5,0,,6.625,0.0,0.0
68,68.0,576.5,139.5,0,,6.75,0.0,0.0
69,69.0,576.5,139.5,0,,6.875,0.0,0.0
70,70.0,576.5,139.5,0,,7.0,0.0,0.0
71,71.0,576.5,139.5,0,,7.125,0.0,0.0
72,72.0,576.5,139.5,0,,7.25,0.0,0.0
73,73.0,576.5,139.5,0,,7.375,0.0,0.0
74,74.0,576.5,139.5,0,,7.5,0.0,0.0
75,75.0,576.5,139.5,0,,7.625,0.0,0.0
76,76.0,576.5,139.5,0,,7.75,0.0,0.0
77,77.0,576.5,139.5,0,,7.875,0.0,0.0
78,78.0,576.5,139.5,0,,8.0,0.0,0.0
79,79.0,576.5,139.5,0,,8.125,0.0,0.0
80,80.0,576.5,139.5,0,,8.25,0.0,0.0
81,81.0,576.5,139.5,0,,8.375,0.0,0.0
82,82.0,576.5,139.5,0,,8.5,0.0,0.0
83,83.0,576.5,139.5,0,,8.625,0.0,0.0
84,84.0,576.5,139.5,0,,8.75,0.0,0.0
85,85.0,576.5,139.5,0,,8.875,0.0,0.0
86,86.0,576.5,139.5,0,,9.0,0.0,0.0
87,87.0,576.5,139.5,0,,9.125,0.0,0.0
88,88.0,576.5,139.5,0,,9.25,0.0,0.0
89,89.0,576.5,139.5,0,,9.375,0.0,0.0
90,90.0,576.5,139.5,0,,9.5,0.0,0.0
91,91.0,576.5,139.5,0,,9.625,0.0,0.0
92,92.0,576.5,139.5,0,,9.75,0.0,0.0
93,93.0,576.5,139.5,0,,9.875,0.0,0.0
94,94.0,576.5,139.5,0,,10.0,0.0,0.0
95,95.0,576.5,139.5,0,,10.125,0.0,0.0
96,96.0,576.5,139.5,0,,10.25,0.0,0.0
97,97.0,576.5,139.5,0,,10.375,0.0,0.0
98,98.0,576.5,139.5,0,,10.5,0.0,0.0
99,99.0,576.5,139.5,0,,10.625,0.0,0.0
100,100.0,576.5,139.5,0,,10.75,0.0,0.0
101,101.0,576.5,139.5,0,,10.875,0.0,0.0
102,102.0,576.5,139.5,0,,11.0,0.0,0.0
103,103.0,576.5,139.5,0,,11.125,0.0,0.0
104,104.0,576.5,139.5,0,,11.25,0.0,0.0
105,105.0,576.5,139.5,0,,11.375,0.0,0.0
106,106.0,576.5,139.5,0,,11.5,0.0,0.0
107,107.0,576.5,139.5,0,,11.625,0.0,0.0
108,108.0,576.5,139.5,0,,11.75,0.0,0.0
109,109.0,576.5,139.5,0,,11.875,0.0,0.0
110,110.0,576.5,139.5,0,,12.0,0.0,0.0
111,111.0,576.5,139.5,0,,12.125,0.0,0.0
112,112.0,576.5,139.5,0,,12.25,0.0,0.0
113,113.0,576.5,139.5,0,,12.375,0.0,0.0
114,114.0,576.5,139.5,0,,12.5,0.0,0.0
115,115.0,576.5,139.5,0,,12.625,0.0,0.0
116,116.0,576.5,139.5,0,,12.75,0.0,0.0
117,117.0,576.5,139.5,0,,12.875,0.0,0.0
118,118.0,576.5,139.5,0,,13.0,0.0,0.0
119,119.0,576.5,139.5,0,,13.125,0.0,0.0
120,120.0,576.5,139.5,0,,13.25,0.0,0.0
121,121.0,576.5,139.5,0,,13.375,0.0,0.0
122,122.0,576.5,139.5,0,,13.5,0.0,0.0
123,123.0,576.5,139.5,0,,13.625,0.0,0.0
124,124.0,576.5,139.5,0,,13.75,0.0,0.0
125,125.0,576.5,139.5,0,,13.875,0.0,0.0
126,126.0,576.5,139.5,0,,14.0,0.0,0.0
127,127.0,576.5,139.5,0,,14.125,0.0,0.0
128,128.0,576.5,139.5,0,,14.25,0.0,0.0
129,129.0,576.5,139.5,0,,14.375,0.0,0.0
130,130.0,576.5,139.5,0,,14.5,0.0,0.0
131,131.0,576.5,139.5,0,,14.625,0.0,0.0
132,132.0,576.5,139.5,0,,14.75,0.0,0.0
133,133.0,576.5,139.5,0,,14.875,0.0,0.0
134,134.0,576.5,139.5,0,,15.0,0.0,0.0
135,135.0,576.5,139.5,0,,15.125,0.0,0.0
136,136.0,576.5,139.5,0,,15.25,0.0,0.0
137,137.0,576.5,139.5,0,,15.375,0.0,0.0
138,138.0,576.5,139.5,0,,15.5,0.0,0.0
139,139.0,576.5,139.5,0,,15.625,0.0,0.0
140,140.0,576.5,139.5,0,,15.75,0.0,0.0
141,141.0,576.5,139.5,0,,15.875,0.0,0.0
142,142.0,576.5,139.5,0,,16.0,0.0,0.0
143,143.0,576.5,139.5,0,,16.125,0.0,0.0
144,144.0,576.5,139.5,0,,16.25,0.0,0.0
145,145.0,576.5,139.5,0,,16.375,0.0,0.0
146,146.0,576.5,139.5,0,,16.5,0.0,0.0
147,147.0,576.5,139.5,0,,16.625,0.0,0.0
148,148.0,576.5,139.5,0,,16.75,0.0,0.0
149,149.0,576.5,139.5,0,,16.875,0.0,0.0
150,150.0,576.5,139.5,0,,17.0,0.0,0.0
151,151.0,576.5,139.5,0,,17.125,0.0,0.0
152,152.0,576.5,139.5,0,,17.25,0.0,0.0
153,153.0,576.5,139.5,0,,17.375,0.0,0.0
154,154.0,576.5,139.5,0,,17.5,0.0,0.0
155,155.0,576.5,139.5,0,,17.625,0.0,0.0
156,156.0,576.5,139.5,0,,17.75,0.0,0.0
157,157.0,576.5,139.5,0,,17.875,0.0,0.0
158,158.0,576.5,139.5,0,,18.0,0.0,0.0
159,159.0,576.5,139.5,0,,18.125,0.0,0.0
160,160.0,576.5,139.5,0,,18.25,0.0,0.0
161,161.0,576.5,139.5,0,,18.375,0.0,0.0
162,162.0,576.5,139.5,0,,18.5,0.0,0.0
163,163.0,576.5,139.5,0,,18.625,0.0,0.0
164,164.0,576.5,139.5,0,,18.75,0.0,0.0
165,165.0,576.5,139.5,0,,18.875,0.0,0.0
166,166.0,576.5,139.5,0,,19.0,0.0,0.0
167,167.0,576.5,139.5,0,,19.125,0.0,0.0
168,168.0,576.5,139.5,0,,19.25,0.0,0.0
169,169.0,576.5,139.5,0,,19.375,0.0,0.0
170,170.0,576.5,139.5,0,,19.5,0.0,0.0
171,171.0,576.5,139.5,0,,19.625,0.0,0.0
172,172.0,576.5,139.5,0,,19.75,0.0,0.0
173,173.0,576.5,139.5,0,,19.875,0.0,0.0
174,174.0,576.5,139.5,0,,20.0,0.0,0.0
175,175.0,576.5,139.5,0,,20.125,0.0,0.0
176,176.0,576.5,139.5,0,,20.25,0.0,0.0
177,177.0,576.5,139.5,0,,20.375,0.0,0.0
178,178.0,576.5,139.5,0,,20.5,0.0,0.0
179,179.0,576.5,139.5,0,,20.625,0.0,0.0
180,180.0,576.5,139.5,0,,20.75,0.0,0.0
181,181.0,576.5,139.5,0,,20.875,0.0,0.0
182,182.0,576.5,139.5,0,,21.0,0.0,0.0
183,183.0,576.5,139.5,0,,21.125,0.0,0.0
184,184.0,576.5,139.5,0,,21.25,0.0,0.0
185,185.0,576.5,139.5,0,,21.375,0.0,0.0
186,186.0,576.5,139.5,0,,21.5,0.0,0.0
187,187.0,576.5,139.5,0,,21.625,0.0,0.0
188,188.0,576.5,139.5,0,,21.75,0.0,0.0
189,189.0,576.5,139.5,0,,21.875,0.0,0.0
190,190.0,576.5,139.5,0,,22.0,0.0,0.0
191,191.0,576.5,139.5,0,,22.125,0.0,0.0
192,192.0,576.5,139.5,0,,22.25,0.0,0.0
193,193.0,576.5,139.5,0,,22.375,0.0,0.0
194,194.0,576.5,139.5,0,,22.5,0.0,0.0
195,195.0,576.5,139.5,1.0,3.1622776985168457,22.625,0.0,0.0
196,196.0,576.5,139.5,0,,22.75,0.0,0.0
197,197.0,576.5,139.5,0,,22.875,0.0,0.0
198,198.0,576.5,139.5,0,,23.0,0.0,0.0
199,199.0,576.5,139.5,0,,23.125,0.0,0.0
200,200.0,576.5,139.5,0,,23.25,0.0,0.0
201,201.0,576.5,139.5,0,,23.375,0.0,0.0
202,202.0,576.5,139.5,0,,23.5,0.0,0.0
203,203.0,576.5,139.5,0,,23.625,0.0,0.0
204,204.0,576.5,139.5,0,,23.75,0.0,0.0
205,205.0,576.5,139.5,0,,23.875,0.0,0.0
206,206.0,576.5,139.5,0,,24.0,0.0,0.0
207,207.0,576.5,139.5,0,,24.125,0.0,0.0
208,208.0,576.5,139.5,0,,24.25,0.0,0.0
209,209.0,576.5,139.5,0,,24.375,0.0,0.0
210,210.0,576.5,139.5,0,,24.5,0.0,0.0
211,211.0,576.5,139.5,0,,24.625,0.0,0.0
212,212.0,576.5,139.5,0,,24.75,0.0,0.0
213,213.0,576.5,139.5,0,,24.875,0.0,0.0
214,214.0,576.5,139.5,0,,25.0,0.0,0.0
215,215.0,576.5,139.5,0,,25.125,0.0,0.0
216,216.0,576.5,139.5,0,,25.25,0.0,0.0
217,217.0,576.5,139.5,0,,25.375,0.0,0.0
218,218.0,576.5,139.5,0,,25.5,0.0,0.0
219,219.0,576.5,139.5,0,,25.625,0.0,0.0
220,220.0,576.5,139.5,0,,25.75,0.0,0.0
221,221.0,576.5,139.5,0,,25.875,0.0,0.0
222,222.0,576.5,139.5,0,,26.0,0.0,0.0
223,223.0,576.5,139.5,0,,26.125,0.0,0.0
224,224.0,576.5,139.5,0,,26.25,0.0,0.0
225,225.0,576.5,139.5,0,,26.375,0.0,0.0
226,226.0,576.5,139.5,0,,26.5,0.0,0.0
227,227.0,576.5,139.5,0,,26.625,0.0,0.0
228,228.0,576.5,139.5,0,,26.75,0.0,0.0
229,229.0,576.5,139.5,0,,26.875,0.0,0.0
230,230.0,576.5,139.5,0,,27.0,0.0,0.0
231,231.0,576.5,139.5,0,,27.125,0.0,0.0
232,232.0,576.5,139.5,0,,27.25,0.0,0.0
233,233.0,576.5,139.5,0,,27.375,0.0,0.0
234,234.0,576.5,139.5,0,,27.5,0.0,0.0
235,235.0,576.5,139.5,0,,27.625,0.0,0.0
236,236.0,576.5,139.5,0,,27.75,0.0,0.0
237,237.0,576.5,139.5,0,,27.875,0.0,0.0
238,238.0,576.5,139.5,0,,28.0,0.0,0.0
239,239.0,576.5,139.5,0,,28.125,0.0,0.0
240,240.0,576.5,139.5,0,,28.25,0.0,0.0
241,241.0,576.5,139.5,0,,28.375,0.0,0.0
242,242.0,576.5,139.5,0,,28.5,0.0,0.0
243,243.0,576.5,139.5,0,,28.625,0.0,0.0
244,244.0,576.5,139.5,0,,28.75,0.0,0.0
245,245.0,576.5,139.5,0,,28.875,0.0,0.0
246,246.0,576.5,139.5,0,,29.0,0.0,0.0
247,247.0,576.5,139.5,0,,29.125,0.0,0.0
248,248.0,576.5,139.5,0,,29.25,0.0,0.0
249,249.0,576.5,139.5,0,,29.375,0.0,0.0
250,250.0,576.5,139.5,0,,29.5,0.0,0.0
251,251.0,576.5,139.5,0,,29.625,0.0,0.0
252,252.0,576.5,139.5,0,,29.75,0.0,0.0
253,253.0,576.5,139.5,0,,29.875,0.0,0.0
254,254.0,576.5,139.5,0,,30.0,0.0,0.0
255,255.0,576.5,139.5,0,,30.125,0.0,0.0
256,256.0,576.5,139.5,0,,30.25,0.0,0.0
257,257.0,576.5,139.5,0,,30.375,0.0,0.0
258,258.0,576.5,139.5,0,,30.5,0.0,0.0
259,259.0,576.5,139.5,0,,30.625,0.0,0.0
260,260.0,576.5,139.5,0,,30.75,0.0,0.0
261,261.0,576.5,139.5,0,,30.875,0.0,0.0
262,262.0,576.5,139.5,0,,31.0,0.0,0.0
263,263.0,576.5,139.5,0,,31.125,0.0,0.0
264,264.0,576.5,139.5,0,,31.25,0.0,0.0
265,265.0,576.5,139.5,0,,31.375,0.0,0.0
266,266.0,576.5,139.5,0,,31.5,0.0,0.0
267,267.0,576.5,139.5,0,,31.625,0.0,0.0
268,268.0,576.5,139.5,0,,31.75,0.0,0.0
269,269.0,576.5,139.5,0,,31.875,0.0,0.0
270,270.0,576.5,139.5,0,,32.0,0.0,0.0
271,271.0,576.5,139.5,0,,32.125,0.0,0.0
272,272.0,576.5,139.5,0,,32.25,0.0,0.0
273,273.0,576.5,139.5,0,,32.375,0.0,0.0
274,274.0,576.5,139.5,0,,32.5,0.0,0.0
275,275.0,576.5,139.5,0,,32.625,0.0,0.0
276,276.0,576.5,139.5,0,,32.75,0.0,0.0
277,277.0,576.5,139.5,0,,32.875,0.0,0.0
278,278.0,576.5,139.5,0,,33.0,0.0,0.0
279,279.0,576.5,139.5,0,,33.125,0.0,0.0
280,280.0,576.5,139.5,0,,33.25,0.0,0.0
281,281.0,576.5,139.5,0,,33.375,0.0,0.0
282,282.0,576.5,139.5,0,,33.5,0.0,0.0
283,283.0,576.5,139.5,0,,33.625,0.0,0.0
284,284.0,576.5,139.5,0,,33.75,0.0,0.0
285,285.0,576.5,139.5,0,,33.875,0.0,0.0
286,286.0,576.5,139.5,0,,34.0,0.0,0.0
287,287.0,576.5,139.5,0,,34.125,0.0,0.0
288,288.0,576.5,139.5,0,,34.25,0.0,0.0
289,289.0,576.5,139.5,0,,34.375,0.0,0.0
290,290.0,576.5,139.5,0,,34.5,0.0,0.0
291,291.0,576.5,139.5,0,,34.625,0.0,0.0
292,292.0,576.5,139.5,0,,34.75,0.0,0.0
293,293.0,576.5,139.5,0,,34.875,0.0,0.0
294,294.0,576.5,139.5,0,,35.0,0.0,0.0
295,295.0,576.5,139.5,0,,35.125,0.0,0.0
296,296.0,576.5,139.5,0,,35.25,0.0,0.0
297,297.0,576.5,139.5,0,,35.375,0.0,0.0
298,298.0,576.5,139.5,0,,35.5,0.0,0.0
299,299.0,576.5,139.5,0,,35.625,0.0,0.0
300,300.0,576.5,139.5,0,,35.75,0.0,0.0
301,301.0,576.5,139.5,0,,35.875,0.0,0.0
302,302.0,576.5,139.5,0,,36.0,0.0,0.0
303,303.0,576.5,139.5,0,,36.125,0.0,0.0
304,304.0,576.5,139.5,0,,36.25,0.0,0.0
305,305.0,576.5,139.5,0,,36.375,0.0,0.0
306,306.0,576.5,139.5,0,,36.5,0.0,0.0
307,307.0,576.5,139.5,0,,36.625,0.0,0.0
308,308.0,576.5,139.5,0,,36.75,0.0,0.0
309,309.0,576.5,139.5,0,,36.875,0.0,0.0
310,310.0,576.5,139.5,0,,37.0,0.0,0.0
311,311.0,576.5,139.5,0,,37.125,0.0,0.0
312,312.0,576.5,139.5,0,,37.25,0.0,0.0
313,313.0,576.5,139.5,0,,37.375,0.0,0.0
314,314.0,576.5,139.5,0,,37.5,0.0,0.0
315,315.0,576.5,139.5,0,,37.625,0.0,0.0
316,316.0,576.5,139.5,0,,37.75,0.0,0.0
317,317.0,576.5,139.5,0,,37.875,0.0,0.0
318,318.0,576.5,139.5,0,,38.0,0.0,0.0
319,319.0,576.5,139.5,0,,38.125,0.0,0.0
320,320.0,576.5,139.5,0,,38.25,0.0,0.0
321,321.0,576.5,139.5,0,,38.375,0.0,0.0
322,322.0,576.5,139.5,0,,38.5,0.0,0.0
323,323.0,576.5,139.5,0,,38.625,0.0,0.0
324,324.0,576.5,139.5,0,,38.75,0.0,0.0
325,325.0,576.5,139.5,0,,38.875,0.0,0.0
326,326.0,576.5,139.5,0,,39.0,0.0,0.0
327,327.0,576.5,139.5,0,,39.125,0.0,0.0
328,328.0,576.5,139.5,0,,39.25,0.0,0.0
329,329.0,576.5,139.5,0,,39.375,0.0,0.0
330,330.0,576.5,139.5,0,,39.5,0.0,0.0
331,331.0,576.5,139.5,0,,39.625,0.0,0.0
332,332.0,576.5,139.5,0,,39.75,0.0,0.0
333,333.0,576.5,139.5,0,,39.875,0.0,0.0
334,334.0,576.5,139.5,0,,40.0,0.0,0.0
335,335.0,576.5,139.5,0,,40.125,0.0,0.0
336,336.0,576.5,139.5,0,,40.25,0.0,0.0
337,337.0,576.5,139.5,0,,40.375,0.0,0.0
338,338.0,576.5,139.5,0,,40.5,0.0,0.0
339,339.0,576.5,139.5,0,,40.625,0.0,0.0
340,340.0,576.5,139.5,0,,40.75,0.0,0.0
341,341.0,576.5,139.5,0,,40.875,0.0,0.0
342,342.0,576.5,139.5,0,,41.0,0.0,0.0
343,343.0,576.5,139.5,0,,41.125,0.0,0.0
344,344.0,576.5,139.5,0,,41.25,0.0,0.0
345,345.0,576.5,139.5,0,,41.375,0.0,0.0
346,346.0,576.5,139.5,0,,41.5,0.0,0.0
347,347.0,576.5,139.5,0,,41.625,0.0,0.0
348,348.0,576.5,139.5,0,,41.75,0.0,0.0
349,349.0,576.5,139.5,0,,41.875,0.0,0.0
350,350.0,576.5,139.5,0,,42.0,0.0,0.0
351,351.0,576.5,139.5,0,,42.125,0.0,0.0
352,352.0,576.5,139.5,0,,42.25,0.0,0.0
353,353.0,576.5,139.5,0,,42.375,0.0,0.0
354,354.0,576.5,139.5,0,,42.5,0.0,0.0
355,355.0,576.5,139.5,0,,42.625,0.0,0.0
356,356.0,576.5,139.5,0,,42.75,0.0,0.0
357,357.0,576.5,139.5,0,,42.875,0.0,0.0
358,358.0,576.5,139.5,0,,43.0,0.0,0.0
359,359.0,576.5,139.5,0,,43.125,0.0,0.0
360,360.0,576.5,139.5,0,,43.25,0.0,0.0
361,361.0,576.5,139.5,0,,43.375,0.0,0.0
362,362.0,576.5,139.5,0,,43.5,0.0,0.0
363,363.0,576.5,139.5,0,,43.625,0.0,0.0
364,364.0,576.5,139.5,0,,43.75,0.0,0.0
365,365.0,576.5,139.5,0,,43.875,0.0,0.0
366,366.0,576.5,139.5,0,,44.0,0.0,0.0
367,367.0,576.5,139.5,0,,44.125,0.0,0.0
368,368.0,576.5,139.5,0,,44.25,0.0,0.0
369,369.0,576.5,139.5,0,,44.375,0.0,0.0
370,370.0,576.5,139.5,0,,44.5,0.0,0.0
371,371.0,576.5,139.5,0,,44.625,0.0,0.0
372,372.0,576.5,139.5,0,,44.75,0.0,0.0
373,373.0,576.5,139.5,0,,44.875,0.0,0.0
374,374.0,576.5,139.5,0,,45.0,0.0,0.0
375,375.0,576.5,139.5,0,,45.125,0.0,0.0
376,376.0,576.5,139.5,0,,45.25,0.0,0.0
377,377.0,576.5,139.5,0,,45.375,0.0,0.0
378,378.0,576.5,139.5,0,,45.5,0.0,0.0
379,379.0,576.5,139.5,0,,45.625,0.0,0.0
380,380.0,576.5,139.5,0,,45.75,0.0,0.0
381,381.0,576.5,139.5,0,,45.875,0.0,0.0
382,382.0,576.5,139.5,0,,46.0,0.0,0.0
383,383.0,576.5,139.5,0,,46.125,0.0,0.0
384,384.0,576.5,139.5,0,,46.25,0.0,0.0
385,385.0,576.5,139.5,0,,46.375,0.0,0.0
386,386.0,576.5,139.5,0,,46.5,0.0,0.0
387,387.0,576.5,139.5,0,,46.625,0.0,0.0
388,388.0,576.5,139.5,0,,46.75,0.0,0.0
389,389.0,576.5,139.5,0,,46.875,0.0,0.0
390,390.0,576.5,139.5,0,,47.0,0.0,0.0
391,391.0,576.5,139.5,0,,47.125,0.0,0.0
392,392.0,576.5,139.5,0,,47.25,0.0,0.0
393,393.0,576.5,139.5,0,,47.375,0.0,0.0
394,394.0,576.5,139.5,0,,47.5,0.0,0.0
395,395.0,576.5,139.5,0,,47.625,0.0,0.0
396,396.0,576.5,139.5,0,,47.75,0.0,0.0
397,397.0,576.5,139.5,0,,47.875,0.0,0.0
398,398.0,576.5,139.5,0,,48.0,0.0,0.0
399,399.0,576.5,139.5,0,,48.125,0.0,0.0
400,400.0,576.5,139.5,0,,48.25,0.0,0.0
401,401.0,576.5,139.5,0,,48.375,0.0,0.0
402,402.0,576.5,139.5,0,,48.5,0.0,0.0
403,403.0,576.5,139.5,0,,48.625,0.0,0.0
404,404.0,576.5,139.5,0,,48.75,0.0,0.0
405,405.0,576.5,139.5,0,,48.875,0.0,0.0
406,406.0,576.5,139.5,0,,49.0,0.0,0.0
407,407.0,576.5,139.5,0,,49.125,0.0,0.0
408,408.0,576.5,139.5,0,,49.25,0.0,0.0
409,409.0,576.5,139.5,0,,49.375,0.0,0.0
410,410.0,576.5,139.5,0,,49.5,0.0,0.0
411,411.0,576.5,139.5,0,,49.625,0.0,0.0
412,412.0,576.5,139.5,0,,49.75,0.0,0.0
413,413.0,576.5,139.5,0,,49.875,0.0,0.0
414,414.0,576.5,139.5,0,,50.0,0.0,0.0
415,415.0,576.5,139.5,0,,50.125,0.0,0.0
416,416.0,576.5,139.5,0,,50.25,0.0,0.0
417,417.0,576.5,139.5,0,,50.375,0.0,0.0
418,418.0,576.5,139.5,0,,50.5,0.0,0.0
419,419.0,576.5,139.5,0,,50.625,0.0,0.0
420,420.0,576.5,139.5,0,,50.75,0.0,0.0
421,421.0,576.5,139.5,0,,50.875,0.0,0.0
422,422.0,576.5,139.5,0,,51.0,0.0,0.0
423,423.0,576.5,139.5,0,,51.125,0.0,0.0
424,424.0,576.5,139.5,0,,51.25,0.0,0.0
425,425.0,576.5,139.5,0,,51.375,0.0,0.0
426,426.0,576.5,139.5,0,,51.5,0.0,0.0
427,427.0,576.5,139.5,0,,51.625,0.0,0.0
428,428.0,576.5,139.5,0,,51.75,0.0,0.0
429,429.0,576.5,139.5,0,,51.875,0.0,0.0
430,430.0,576.5,139.5,0,,52.0,0.0,0.0
431,431.0,576.5,139.5,0,,52.125,0.0,0.0
432,432.0,576.5,139.5,0,,52.25,0.0,0.0
433,433.0,576.5,139.5,0,,52.375,0.0,0.0
434,434.0,576.5,139.5,0,,52.5,0.0,0.0
435,435.0,576.5,139.5,0,,52.625,0.0,0.0
436,436.0,576.5,139.5,0,,52.75,0.0,0.0
437,437.0,576.5,139.5,0,,52.875,0.0,0.0
438,438.0,576.5,139.5,0,,53.0,0.0,0.0
439,439.0,576.5,139.5,0,,53.125,0.0,0.0
440,440.0,576.5,139.5,0,,53.25,0.0,0.0
441,441.0,576.5,139.5,0,,53.375,0.0,0.0
442,442.0,576.5,139.5,0,,53.5,0.0,0.0
443,443.0,576.5,139.5,0,,53.625,0.0,0.0
444,444.0,576.5,139.5,0,,53.75,0.0,0.0
445,445.0,576.5,139.5,0,,53.875,0.0,0.0
446,446.0,592.5,127.5,1.0,3.1622776985168457,54.0,20.0,0.0
447,447.0,592.5,127.5,0,,54.125,0.0,0.0
448,448.0,592.5,127.5,0,,54.25,0.0,0.0
449,449.0,592.5,127.5,0,,54.375,0.0,0.0
450,450.0,592.5,127.5,0,,54.5,0.0,0.0
451,451.0,592.5,127.5,0,,54.625,0.0,0.0
452,452.0,592.5,127.5,0,,54.75,0.0,0.0
453,453.0,592.5,127.5,0,,54.875,0.0,0.0
454,454.0,592.5,127.5,0,,55.0,0.0,0.0
455,455.0,592.5,127.5,0,,55.125,0.0,0.0
456,456.0,592.5,127.5,0,,55.25,0.0,0.0
457,457.0,592.5,127.5,0,,55.375,0.0,0.0
458,458.0,592.22,127.37,1.0,3.6131675243377686,55.5,0.30870698080863596,0.0
459,459.0,592.22,127.37,0,,55.625,0.0,0.0
460,460.0,592.22,127.37,0,,55.75,0.0,0.0
461,461.0,592.22,127.37,0,,55.875,0.0,0.0
462,462.0,592.22,127.37,0,,56.0,0.0,0.0
463,463.0,592.22,127.37,0,,56.125,0.0,0.0
464,464.0,592.22,127.37,0,,56.25,0.0,0.0
465,465.0,592.22,127.37,0,,56.375,0.0,0.0
466,466.0,592.22,127.37,0,,56.5,0.0,0.0
467,467.0,592.22,127.37,0,,56.625,0.0,0.0
468,468.0,592.22,127.37,0,,56.75,0.0,0.0
469,469.0,592.22,127.37,0,,56.875,0.0,0.0
470,470.0,592.22,127.37,0,,57.0,0.0,0.0
471,471.0,592.22,127.37,0,,57.125,0.0,0.0
472,472.0,592.22,127.37,0,,57.25,0.0,0.0
473,473.0,592.22,127.37,0,,57.375,0.0,0.0
474,474.0,592.22,127.37,0,,57.5,0.0,0.0
475,475.0,592.22,127.37,0,,57.625,0.0,0.0
476,476.0,592.22,127.37,0,,57.75,0.0,0.0
477,477.0,592.22,127.37,0,,57.875,0.0,0.0
478,478.0,592.22,127.37,0,,58.0,0.0,0.0
479,479.0,592.22,127.37,0,,58.125,0.0,0.0
480,480.0,592.22,127.37,0,,58.25,0.0,0.0
481,481.0,592.22,127.37,0,,58.375,0.0,0.0
482,482.0,592.22,127.37,0,,58.5,0.0,0.0
483,483.0,592.22,127.37,0,,58.625,0.0,0.0
484,484.0,592.22,127.37,0,,58.75,0.0,0.0
485,485.0,592.22,127.37,0,,58.875,0.0,0.0
486,486.0,592.22,127.37,0,,59.0,0.0,0.0
487,487.0,592.22,127.37,0,,59.125,0.0,0.0
488,488.0,592.22,127.37,0,,59.25,0.0,0.0
489,489.0,592.22,127.37,0,,59.375,0.0,0.0
490,490.0,592.22,127.37,0,,59.5,0.0,0.0
491,491.0,592.22,127.37,0,,59.625,0.0,0.0
492,492.0,592.22,127.37,0,,59.75,0.0,0.0
493,493.0,598.8533325195312,142.14666748046875,11.0,4.303342342376709,59.875,16.197252919646992,-0.0
494,494,608.19,109.0,0,,60.0,34.436534737130685,-427.8640634223101
495,495.0,608.19,109.0,0,,60.125,0.0,0.0
496,496.0,608.19,109.0,0,,60.25,0.0,0.0
497,497.0,608.19,109.0,0,,60.375,0.0,0.0
498,498.0,608.19,109.0,0,,60.5,0.0,0.0
499,499.0,608.19,109.0,0,,60.625,0.0,0.0
500,500.0,608.19,109.0,0,,60.75,0.0,0.0
501,501.0,608.19,109.0,0,,60.875,0.0,0.0
502,502.0,608.19,109.0,0,,61.0,0.0,0.0
503,503.0,608.19,109.0,0,,61.125,0.0,0.0
504,504.0,608.19,109.0,0,,61.25,0.0,0.0
505,505.0,608.19,109.0,0,,61.375,0.0,0.0
506,506.0,608.19,109.0,0,,61.5,0.0,0.0
507,507.0,608.19,109.0,0,,61.625,0.0,0.0
508,508.0,608.19,109.0,0,,61.75,0.0,0.0
509,509.0,608.19,109.0,0,,61.875,0.0,0.0
510,510.0,608.19,109.0,0,,62.0,0.0,0.0
511,511.0,608.19,109.0,0,,62.125,0.0,0.0
512,512.0,608.19,109.0,0,,62.25,0.0,0.0
513,513.0,608.19,109.0,0,,62.375,0.0,0.0
514,514.0,608.19,109.0,0,,62.5,0.0,0.0
515,515.0,608.19,109.0,0,,62.625,0.0,0.0
516,516.0,608.19,109.0,0,,62.75,0.0,0.0
517,517.0,608.19,109.0,0,,62.875,0.0,0.0
518,518.0,608.19,109.0,0,,63.0,0.0,0.0
519,519.0,608.19,109.0,0,,63.125,0.0,0.0
520,520.0,608.19,109.0,0,,63.25,0.0,0.0
521,521.0,608.19,109.0,0,,63.375,0.0,0.0
522,522.0,608.19,109.0,0,,63.5,0.0,0.0
523,523.0,608.19,109.0,0,,63.625,0.0,0.0
524,524.0,608.19,109.0,0,,63.75,0.0,0.0
525,525.0,608.19,109.0,0,,63.875,0.0,0.0
526,526.0,608.19,109.0,0,,64.0,0.0,0.0
527,527.0,608.19,109.0,0,,64.125,0.0,0.0
528,528.0,608.19,109.0,0,,64.25,0.0,0.0
529,529.0,608.19,109.0,0,,64.375,0.0,0.0
530,530.0,608.19,109.0,0,,64.5,0.0,0.0
531,531.0,608.19,109.0,0,,64.625,0.0,0.0
532,532.0,608.19,109.0,0,,64.75,0.0,0.0
533,533.0,608.19,109.0,0,,64.875,0.0,0.0
534,534.0,608.19,109.0,0,,65.0,0.0,0.0
535,535.0,608.19,109.0,0,,65.125,0.0,0.0
536,536.0,608.19,109.0,0,,65.25,0.0,0.0
537,537.0,608.19,109.0,0,,65.375,0.0,0.0
538,538.0,608.19,109.0,0,,65.5,0.0,0.0
539,539.0,608.19,109.0,0,,65.625,0.0,0.0
540,540.0,608.19,109.0,0,,65.75,0.0,0.0
541,541.0,608.19,109.0,0,,65.875,0.0,0.0
542,542.0,608.19,109.0,0,,66.0,0.0,0.0
543,543.0,608.19,109.0,0,,66.125,0.0,0.0
544,544.0,608.19,109.0,0,,66.25,0.0,0.0
545,545.0,608.19,109.0,0,,66.375,0.0,0.0
546,546.0,608.19,109.0,0,,66.5,0.0,0.0
547,547.0,608.19,109.0,0,,66.625,0.0,0.0
548,548.0,608.19,109.0,0,,66.75,0.0,0.0
549,549.0,608.19,109.0,0,,66.875,0.0,0.0
550,550.0,608.19,109.0,0,,67.0,0.0,0.0
551,551.0,608.19,109.0,0,,67.125,0.0,0.0
552,552.0,608.19,109.0,0,,67.25,0.0,0.0
553,553.0,608.19,109.0,0,,67.375,0.0,0.0
554,554.0,608.19,109.0,0,,67.5,0.0,0.0
555,555.0,608.19,109.0,0,,67.625,0.0,0.0
556,556.0,608.19,109.0,0,,67.75,0.0,0.0
557,557.0,608.19,109.0,0,,67.875,0.0,0.0
558,558.0,608.19,109.0,0,,68.0,0.0,0.0
559,559.0,608.19,109.0,0,,68.125,0.0,0.0
560,560.0,608.19,109.0,0,,68.25,0.0,0.0
561,561.0,608.19,109.0,0,,68.375,0.0,0.0
562,562.0,608.19,109.0,0,,68.5,0.0,0.0
563,563.0,608.19,109.0,0,,68.625,0.0,0.0
564,564.0,608.19,109.0,0,,68.75,0.0,0.0
565,565.0,608.19,109.0,0,,68.875,0.0,0.0
566,566.0,608.19,109.0,0,,69.0,0.0,0.0
567,567.0,608.19,109.0,0,,69.125,0.0,0.0
568,568.0,608.19,109.0,0,,69.25,0.0,0.0
569,569.0,608.19,109.0,0,,69.375,0.0,0.0
570,570.0,608.19,109.0,0,,69.5,0.0,0.0
571,571.0,608.19,109.0,0,,69.625,0.0,0.0
572,572.0,608.19,109.0,0,,69.75,0.0,0.0
573,573.0,608.19,109.0,0,,69.875,0.0,0.0
574,574.0,608.19,109.0,0,,70.0,0.0,0.0
575,575.0,608.19,109.0,0,,70.125,0.0,0.0
576,576.0,608.19,109.0,0,,70.25,0.0,0.0
577,577.0,608.19,109.0,0,,70.375,0.0,0.0
578,578.0,608.19,109.0,0,,70.5,0.0,0.0
579,579.0,608.19,109.0,0,,70.625,0.0,0.0
580,580.0,608.19,109.0,0,,70.75,0.0,0.0
581,581.0,608.19,109.0,0,,70.875,0.0,0.0
582,582.0,608.19,109.0,0,,71.0,0.0,0.0
583,583.0,608.19,109.0,0,,71.125,0.0,0.0
584,584.0,608.19,109.0,0,,71.25,0.0,0.0
585,585.0,608.19,109.0,0,,71.375,0.0,0.0
586,586.0,608.19,109.0,0,,71.5,0.0,0.0
587,587.0,608.19,109.0,0,,71.625,0.0,0.0
588,588.0,608.19,109.0,0,,71.75,0.0,0.0
589,589.0,608.19,109.0,0,,71.875,0.0,0.0
590,590.0,608.19,109.0,0,,72.0,0.0,0.0
591,591.0,608.19,109.0,0,,72.125,0.0,0.0
592,592.0,608.19,109.0,0,,72.25,0.0,0.0
593,593.0,608.19,109.0,0,,72.375,0.0,0.0
594,594.0,608.19,109.0,0,,72.5,0.0,0.0
595,595.0,608.19,109.0,0,,72.625,0.0,0.0
596,596.0,608.19,109.0,0,,72.75,0.0,0.0
597,597.0,608.19,109.0,0,,72.875,0.0,0.0
598,598.0,608.19,109.0,0,,73.0,0.0,0.0
599,599.0,608.19,109.0,0,,73.125,0.0,0.0
600,600.0,608.19,109.0,0,,73.25,0.0,0.0
601,601.0,608.19,109.0,0,,73.375,0.0,0.0
602,602.0,608.19,109.0,0,,73.5,0.0,0.0
603,603.0,608.19,109.0,0,,73.625,0.0,0.0
604,604.0,608.19,109.0,0,,73.75,0.0,0.0
605,605.0,608.19,109.0,0,,73.875,0.0,0.0
606,606.0,608.19,109.0,0,,74.0,0.0,0.0
607,607.0,608.19,109.0,0,,74.125,0.0,0.0
608,608.0,608.19,109.0,0,,74.25,0.0,0.0
609,609.0,608.19,109.0,0,,74.375,0.0,0.0
610,610.0,608.19,109.0,0,,74.5,0.0,0.0
611,611.0,608.19,109.0,0,,74.625,0.0,0.0
612,612.0,608.19,109.0,0,,74.75,0.0,0.0
613,613.0,608.19,109.0,0,,74.875,0.0,0.0
614,614.0,608.19,109.0,0,,75.0,0.0,0.0
615,615.0,608.19,109.0,0,,75.125,0.0,0.0
616,616.0,608.19,109.0,0,,75.25,0.0,0.0
617,617.0,608.19,109.0,0,,75.375,0.0,0.0
618,618.0,608.19,109.0,0,,75.5,0.0,0.0
619,619.0,608.19,109.0,0,,75.625,0.0,0.0
620,620.0,608.19,109.0,0,,75.75,0.0,0.0
621,621.0,608.19,109.0,0,,75.875,0.0,0.0
622,622.0,608.19,109.0,0,,76.0,0.0,0.0
623,623.0,608.19,109.0,0,,76.125,0.0,0.0
624,624.0,608.19,109.0,0,,76.25,0.0,0.0
625,625.0,608.19,109.0,0,,76.375,0.0,0.0
626,626.0,608.19,109.0,0,,76.5,0.0,0.0
627,627.0,608.19,109.0,0,,76.625,0.0,0.0
628,628.0,608.19,109.0,0,,76.75,0.0,0.0
629,629.0,608.19,109.0,0,,76.875,0.0,0.0
630,630.0,608.19,109.0,0,,77.0,0.0,0.0
631,631.0,608.19,109.0,0,,77.125,0.0,0.0
632,632.0,608.19,109.0,0,,77.25,0.0,0.0
633,633.0,608.19,109.0,0,,77.375,0.0,0.0
634,634.0,608.19,109.0,0,,77.5,0.0,0.0
635,635.0,608.19,109.0,0,,77.625,0.0,0.0
636,636.0,608.19,109.0,0,,77.75,0.0,0.0
637,637.0,608.19,109.0,0,,77.875,0.0,0.0
638,638.0,608.19,109.0,0,,78.0,0.0,0.0
639,639.0,608.19,109.0,0,,78.125,0.0,0.0
640,640.0,608.19,109.0,0,,78.25,0.0,0.0
641,641.0,608.19,109.0,0,,78.375,0.0,0.0
642,642.0,608.19,109.0,0,,78.5,0.0,0.0
643,643.0,608.19,109.0,0,,78.625,0.0,0.0
644,644.0,608.19,109.0,0,,78.75,0.0,0.0
645,645.0,608.19,109.0,0,,78.875,0.0,0.0
646,646.0,608.19,109.0,0,,79.0,0.0,0.0
647,647.0,608.19,109.0,0,,79.125,0.0,0.0
648,648.0,608.19,109.0,0,,79.25,0.0,0.0
649,649.0,608.19,109.0,0,,79.375,0.0,0.0
650,650.0,608.19,109.0,0,,79.5,0.0,0.0
651,651.0,608.19,109.0,0,,79.625,0.0,0.0
652,652.0,608.19,109.0,0,,79.75,0.0,0.0
653,653.0,608.19,109.0,0,,79.875,0.0,0.0
654,654.0,608.19,109.0,0,,80.0,0.0,0.0
655,655.0,608.19,109.0,0,,80.125,0.0,0.0
656,656.0,608.19,109.0,0,,80.25,0.0,0.0
657,657.0,608.19,109.0,0,,80.375,0.0,0.0
658,658.0,608.19,109.0,0,,80.5,0.0,0.0
659,659.0,608.19,109.0,0,,80.625,0.0,0.0
660,660.0,608.19,109.0,0,,80.75,0.0,0.0
661,661.0,608.19,109.0,0,,80.875,0.0,0.0
662,662.0,608.19,109.0,0,,81.0,0.0,0.0
663,663.0,608.19,109.0,0,,81.125,0.0,0.0
664,664.0,608.19,109.0,0,,81.25,0.0,0.0
665,665.0,608.19,109.0,0,,81.375,0.0,0.0
666,666.0,608.19,109.0,0,,81.5,0.0,0.0
667,667.0,608.19,109.0,0,,81.625,0.0,0.0
668,668.0,608.19,109.0,0,,81.75,0.0,0.0
669,669.0,608.19,109.0,0,,81.875,0.0,0.0
670,670.0,608.19,109.0,0,,82.0,0.0,0.0
671,671.0,608.19,109.0,0,,82.125,0.0,0.0
672,672.0,608.19,109.0,0,,82.25,0.0,0.0
673,673.0,608.19,109.0,0,,82.375,0.0,0.0
674,674.0,608.19,109.0,0,,82.5,0.0,0.0
675,675.0,608.19,109.0,0,,82.625,0.0,0.0
676,676.0,608.19,109.0,0,,82.75,0.0,0.0
677,677.0,608.19,109.0,0,,82.875,0.0,0.0
678,678.0,608.19,109.0,0,,83.0,0.0,0.0
679,679.0,608.19,109.0,0,,83.125,0.0,0.0
680,680.0,608.19,109.0,0,,83.25,0.0,0.0
681,681.0,608.19,109.0,0,,83.375,0.0,0.0
682,682.0,608.19,109.0,0,,83.5,0.0,0.0
683,683.0,608.19,109.0,0,,83.625,0.0,0.0
684,684.0,608.19,109.0,0,,83.75,0.0,0.0
685,685.0,608.19,109.0,0,,83.875,0.0,0.0
686,686.0,608.19,109.0,0,,84.0,0.0,0.0
687,687.0,608.19,109.0,0,,84.125,0.0,0.0
688,688.0,608.19,109.0,0,,84.25,0.0,0.0
689,689.0,608.19,109.0,0,,84.375,0.0,0.0
690,690.0,608.19,109.0,0,,84.5,0.0,0.0
691,691.0,608.19,109.0,0,,84.625,0.0,0.0
692,692.0,608.19,109.0,0,,84.75,0.0,0.0
693,693.0,608.19,109.0,0,,84.875,0.0,0.0
694,694.0,608.19,109.0,0,,85.0,0.0,0.0
695,695.0,608.19,109.0,0,,85.125,0.0,0.0
696,696.0,608.19,109.0,0,,85.25,0.0,0.0
697,697.0,608.19,109.0,0,,85.375,0.0,0.0
698,698.0,608.19,109.0,0,,85.5,0.0,0.0
699,699.0,608.19,109.0,0,,85.625,0.0,0.0
700,700.0,608.19,109.0,0,,85.75,0.0,0.0
701,701.0,608.19,109.0,0,,85.875,0.0,0.0
702,702.0,608.19,109.0,0,,86.0,0.0,0.0
703,703.0,608.19,109.0,0,,86.125,0.0,0.0
704,704.0,608.19,109.0,0,,86.25,0.0,0.0
705,705.0,608.19,109.0,0,,86.375,0.0,0.0
706,706.0,608.19,109.0,0,,86.5,0.0,0.0
707,707.0,608.19,109.0,0,,86.625,0.0,0.0
708,708.0,608.19,109.0,0,,86.75,0.0,0.0
709,709.0,608.19,109.0,0,,86.875,0.0,0.0
710,710.0,608.19,109.0,0,,87.0,0.0,0.0
711,711.0,608.19,109.0,0,,87.125,0.0,0.0
712,712.0,608.19,109.0,0,,87.25,0.0,0.0
713,713.0,608.19,109.0,0,,87.375,0.0,0.0
714,714.0,608.19,109.0,0,,87.5,0.0,0.0
715,715.0,608.19,109.0,0,,87.625,0.0,0.0
716,716.0,608.19,109.0,0,,87.75,0.0,0.0
717,717.0,608.19,109.0,0,,87.875,0.0,0.0
718,718.0,608.19,109.0,0,,88.0,0.0,0.0
719,719.0,608.19,109.0,0,,88.125,0.0,0.0
720,720.0,608.19,109.0,0,,88.25,0.0,0.0
721,721.0,608.19,109.0,0,,88.375,0.0,0.0
722,722.0,608.19,109.0,0,,88.5,0.0,0.0
723,723.0,608.19,109.0,0,,88.625,0.0,0.0
724,724.0,608.19,109.0,0,,88.75,0.0,0.0
725,725.0,608.19,109.0,0,,88.875,0.0,0.0
726,726.0,608.19,109.0,0,,89.0,0.0,0.0
727,727.0,608.19,109.0,0,,89.125,0.0,0.0
728,728.0,608.19,109.0,0,,89.25,0.0,0.0
729,729.0,608.19,109.0,0,,89.375,0.0,0.0
730,730.0,608.19,109.0,0,,89.5,0.0,0.0
731,731.0,608.19,109.0,0,,89.625,0.0,0.0
732,732.0,608.19,109.0,0,,89.75,0.0,0.0
733,733.0,608.19,109.0,0,,89.875,0.0,0.0
734,734.0,608.19,109.0,0,,90.0,0.0,0.0
735,735.0,608.19,109.0,0,,90.125,0.0,0.0
736,736.0,608.19,109.0,0,,90.25,0.0,0.0
737,737.0,608.19,109.0,0,,90.375,0.0,0.0
738,738.0,608.19,109.0,0,,90.5,0.0,0.0
739,739.0,608.19,109.0,0,,90.625,0.0,0.0
740,740.0,608.19,109.0,0,,90.75,0.0,0.0
741,741.0,608.19,109.0,0,,90.875,0.0,0.0
742,742.0,608.19,109.0,0,,91.0,0.0,0.0
743,743.0,608.19,109.0,0,,91.125,0.0,0.0
744,744.0,608.19,109.0,0,,91.25,0.0,0.0
745,745.0,608.19,109.0,0,,91.375,0.0,0.0
746,746.0,608.19,109.0,0,,91.5,0.0,0.0
747,747.0,608.19,109.0,0,,91.625,0.0,0.0
748,748.0,608.19,109.0,0,,91.75,0.0,0.0
749,749.0,608.19,109.0,0,,91.875,0.0,0.0
750,750.0,608.19,109.0,0,,92.0,0.0,0.0
751,751.0,608.19,109.0,0,,92.125,0.0,0.0
752,752.0,608.19,109.0,0,,92.25,0.0,0.0
753,753.0,608.19,109.0,0,,92.375,0.0,0.0
754,754.0,608.19,109.0,0,,92.5,0.0,0.0
755,755.0,608.19,109.0,0,,92.625,0.0,0.0
756,756.0,608.19,109.0,0,,92.75,0.0,0.0
757,757.0,608.19,109.0,0,,92.875,0.0,0.0
758,758.0,608.19,109.0,0,,93.0,0.0,0.0
759,759.0,608.19,109.0,0,,93.125,0.0,0.0
760,760.0,608.19,109.0,0,,93.25,0.0,0.0
761,761.0,608.19,109.0,0,,93.375,0.0,0.0
762,762.0,608.19,109.0,0,,93.5,0.0,0.0
763,763.0,608.19,109.0,0,,93.625,0.0,0.0
764,764.0,608.19,109.0,0,,93.75,0.0,0.0
765,765.0,608.19,109.0,0,,93.875,0.0,0.0
766,766.0,608.19,109.0,0,,94.0,0.0,0.0
767,767.0,608.19,109.0,0,,94.125,0.0,0.0
768,768.0,608.19,109.0,0,,94.25,0.0,0.0
769,769.0,608.19,109.0,0,,94.375,0.0,0.0
770,770.0,608.19,109.0,0,,94.5,0.0,0.0
771,771.0,608.19,109.0,0,,94.625,0.0,0.0
772,772.0,608.19,109.0,0,,94.75,0.0,0.0
773,773.0,608.19,109.0,0,,94.875,0.0,0.0
774,774.0,608.19,109.0,0,,95.0,0.0,0.0
775,775.0,608.19,109.0,0,,95.125,0.0,0.0
776,776.0,608.19,109.0,0,,95.25,0.0,0.0
777,777.0,608.19,109.0,0,,95.375,0.0,0.0
778,778.0,608.19,109.0,0,,95.5,0.0,0.0
779,779.0,608.19,109.0,0,,95.625,0.0,0.0
780,780.0,608.19,109.0,0,,95.75,0.0,0.0
781,781.0,608.19,109.0,0,,95.875,0.0,0.0
782,782.0,608.19,109.0,0,,96.0,0.0,0.0
783,783.0,608.19,109.0,0,,96.125,0.0,0.0
784,784.0,608.19,109.0,0,,96.25,0.0,0.0
785,785.0,608.19,109.0,0,,96.375,0.0,0.0
786,786.0,608.19,109.0,0,,96.5,0.0,0.0
787,787.0,608.19,109.0,0,,96.625,0.0,0.0
788,788.0,608.19,109.0,0,,96.75,0.0,0.0
789,789.0,608.19,109.0,1.0,3.1094911098480225,96.875,0.0,0.0
790,790.0,608.19,109.0,0,,97.0,0.0,0.0
791,791.0,608.19,109.0,0,,97.125,0.0,0.0
792,792.0,608.19,109.0,0,,97.25,0.0,0.0
793,793.0,608.19,109.0,0,,97.375,0.0,0.0
794,794.0,608.19,109.0,0,,97.5,0.0,0.0
795,795.0,608.19,109.0,0,,97.625,0.0,0.0
796,796.0,608.19,109.0,0,,97.75,0.0,0.0
797,797.0,608.19,109.0,0,,97.875,0.0,0.0
798,798.0,608.19,109.0,0,,98.0,0.0,0.0
799,799.0,608.19,109.0,0,,98.125,0.0,0.0
800,800.0,608.0,109.0,1.0,3.4142136573791504,98.25,0.19000000000005457,0.0
801,801.0,608.0,109.0,0,,98.375,0.0,0.0
802,802.0,608.0,109.0,0,,98.5,0.0,0.0
803,803.0,608.0,109.0,0,,98.625,0.0,0.0
804,804.0,608.0,109.0,0,,98.75,0.0,0.0
805,805.0,608.0,109.0,0,,98.875,0.0,0.0
806,806.0,608.0,109.0,0,,99.0,0.0,0.0
807,807.0,608.0,109.0,0,,99.125,0.0,0.0
808,808.0,608.0,109.0,0,,99.25,0.0,0.0
809,809.0,608.0,109.0,0,,99.375,0.0,0.0
810,810.0,608.0,109.0,0,,99.5,0.0,0.0
811,811.0,608.0,109.0,0,,99.625,0.0,0.0
812,812.0,608.0,109.0,0,,99.75,0.0,0.0
813,813.0,608.0,109.0,0,,99.875,0.0,0.0
814,814.0,608.0,109.0,0,,100.0,0.0,0.0
815,815.0,608.0,109.0,0,,100.125,0.0,0.0
816,816.0,608.0,109.0,0,,100.25,0.0,0.0
817,817.0,608.0,109.0,0,,100.375,0.0,0.0
818,818.0,608.0,109.0,0,,100.5,0.0,0.0
819,819.0,608.0,109.0,0,,100.625,0.0,0.0
820,820.0,608.0,109.0,0,,100.75,0.0,0.0
821,821.0,608.0,109.0,0,,100.875,0.0,0.0
822,822.0,608.0,109.0,0,,101.0,0.0,0.0
823,823.0,608.0,109.0,0,,101.125,0.0,0.0
824,824.0,608.0,109.0,0,,101.25,0.0,0.0
825,825.0,608.0,109.0,0,,101.375,0.0,0.0
826,826.0,608.0,109.0,0,,101.5,0.0,0.0
827,827.0,608.0,109.0,0,,101.625,0.0,0.0
828,828.0,608.0,109.0,0,,101.75,0.0,0.0
829,829.0,608.0,109.0,0,,101.875,0.0,0.0
830,830.0,608.0,109.0,0,,102.0,0.0,0.0
831,831.0,608.0,109.0,0,,102.125,0.0,0.0
832,832.0,608.0,109.0,0,,102.25,0.0,0.0
833,833.0,608.0,109.0,0,,102.375,0.0,0.0
834,834.0,608.0,109.0,0,,102.5,0.0,0.0
835,835.0,608.0,109.0,0,,102.625,0.0,0.0
836,836.0,608.0,109.0,0,,102.75,0.0,0.0
837,837.0,608.0,109.0,0,,102.875,0.0,0.0
838,838.0,608.0,109.0,0,,103.0,0.0,0.0
839,839.0,608.0,109.0,0,,103.125,0.0,0.0
840,840.0,608.0,109.0,0,,103.25,0.0,0.0
841,841.0,608.0,109.0,0,,103.375,0.0,0.0
842,842.0,608.0,109.0,0,,103.5,0.0,0.0
843,843.0,608.0,109.0,0,,103.625,0.0,0.0
844,844.0,608.0,109.0,0,,103.75,0.0,0.0
845,845.0,608.0,109.0,0,,103.875,0.0,0.0
846,846.0,608.0,109.0,0,,104.0,0.0,0.0
847,847.0,608.0,109.0,0,,104.125,0.0,0.0
848,848.0,608.0,109.0,0,,104.25,0.0,0.0
849,849.0,608.0,109.0,0,,104.375,0.0,0.0
850,850.0,608.0,109.0,0,,104.5,0.0,0.0
851,851.0,608.0,109.0,0,,104.625,0.0,0.0
852,852.0,608.0,109.0,0,,104.75,0.0,0.0
853,853.0,608.0,109.0,0,,104.875,0.0,0.0
854,854.0,608.0,109.0,0,,105.0,0.0,0.0
855,855.0,608.0,109.0,0,,105.125,0.0,0.0
856,856.0,608.0,109.0,0,,105.25,0.0,0.0
857,857.0,608.0,109.0,0,,105.375,0.0,0.0
858,858.0,608.0,109.0,0,,105.5,0.0,0.0
859,859.0,608.0,109.0,0,,105.625,0.0,0.0
860,860.0,608.0,109.0,0,,105.75,0.0,0.0
861,861.0,608.0,109.0,0,,105.875,0.0,0.0
862,862.0,608.0,109.0,0,,106.0,0.0,0.0
863,863.0,608.0,109.0,0,,106.125,0.0,0.0
864,864.0,608.0,109.0,0,,106.25,0.0,0.0
865,865.0,608.0,109.0,0,,106.375,0.0,0.0
866,866.0,608.0,109.0,0,,106.5,0.0,0.0
867,867.0,608.0,109.0,0,,106.625,0.0,0.0
868,868.0,608.0,109.0,0,,106.75,0.0,0.0
869,869.0,608.0,109.0,0,,106.875,0.0,0.0
870,870.0,608.0,109.0,0,,107.0,0.0,0.0
871,871.0,608.0,109.0,0,,107.125,0.0,0.0
872,872.0,608.0,109.0,0,,107.25,0.0,0.0
873,873.0,608.0,109.0,0,,107.375,0.0,0.0
874,874.0,608.0,109.0,0,,107.5,0.0,0.0
875,875.0,608.0,109.0,0,,107.625,0.0,0.0
876,876.0,608.0,109.0,0,,107.75,0.0,0.0
877,877.0,608.0,109.0,0,,107.875,0.0,0.0
878,878.0,608.0,109.0,0,,108.0,0.0,0.0
879,879.0,608.0,109.0,0,,108.125,0.0,0.0
880,880.0,608.0,109.0,0,,108.25,0.0,0.0
881,881.0,608.0,109.0,0,,108.375,0.0,0.0
882,882.0,608.0,109.0,0,,108.5,0.0,0.0
883,883.0,608.0,109.0,0,,108.625,0.0,0.0
884,884.0,608.0,109.0,0,,108.75,0.0,0.0
885,885.0,608.0,109.0,0,,108.875,0.0,0.0
886,886.0,608.0,109.0,0,,109.0,0.0,0.0
887,887.0,608.0,109.0,0,,109.125,0.0,0.0
888,888.0,608.0,109.0,0,,109.25,0.0,0.0
889,889.0,608.0,109.0,0,,109.375,0.0,0.0
890,890.0,608.0,109.0,0,,109.5,0.0,0.0
891,891.0,608.0,109.0,0,,109.625,0.0,0.0
892,892.0,608.0,109.0,0,,109.75,0.0,0.0
893,893.0,608.0,109.0,0,,109.875,0.0,0.0
894,894.0,608.0,109.0,0,,110.0,0.0,0.0
895,895.0,608.0,109.0,0,,110.125,0.0,0.0
896,896.0,608.0,109.0,0,,110.25,0.0,0.0
897,897.0,608.0,109.0,0,,110.375,0.0,0.0
898,898.0,608.0,109.0,0,,110.5,0.0,0.0
899,899.0,608.0,109.0,0,,110.625,0.0,0.0
900,900.0,608.0,109.0,0,,110.75,0.0,0.0
901,901.0,608.0,109.0,0,,110.875,0.0,0.0
902,902.0,608.0,109.0,0,,111.0,0.0,0.0
903,903.0,608.0,109.0,0,,111.125,0.0,0.0
904,904.0,608.0,109.0,0,,111.25,0.0,0.0
905,905.0,608.0,109.0,0,,111.375,0.0,0.0
906,906.0,608.0,109.0,0,,111.5,0.0,0.0
907,907.0,608.0,109.0,0,,111.625,0.0,0.0
908,908.0,608.0,109.0,0,,111.75,0.0,0.0
909,909.0,608.0,109.0,0,,111.875,0.0,0.0
910,910.0,608.0,109.0,0,,112.0,0.0,0.0
911,911.0,608.0,109.0,0,,112.125,0.0,0.0
912,912.0,608.0,109.0,0,,112.25,0.0,0.0
913,913.0,608.0,109.0,0,,112.375,0.0,0.0
914,914.0,608.0,109.0,0,,112.5,0.0,0.0
915,915.0,608.0,109.0,0,,112.625,0.0,0.0
916,916.0,608.0,109.0,0,,112.75,0.0,0.0
917,917.0,608.0,109.0,0,,112.875,0.0,0.0
918,918.0,608.0,109.0,0,,113.0,0.0,0.0
919,919.0,608.0,109.0,0,,113.125,0.0,0.0
920,920.0,608.0,109.0,0,,113.25,0.0,0.0
921,921.0,608.0,109.0,0,,113.375,0.0,0.0
922,922.0,608.0,109.0,0,,113.5,0.0,0.0
923,923.0,608.0,109.0,0,,113.625,0.0,0.0
924,924.0,608.0,109.0,0,,113.75,0.0,0.0
925,925.0,608.0,109.0,0,,113.875,0.0,0.0
926,926.0,608.0,109.0,0,,114.0,0.0,0.0
927,927.0,608.0,109.0,0,,114.125,0.0,0.0
928,928.0,608.0,109.0,0,,114.25,0.0,0.0
929,929.0,608.0,109.0,0,,114.375,0.0,0.0
930,930.0,608.0,109.0,0,,114.5,0.0,0.0
931,931.0,608.0,109.0,0,,114.625,0.0,0.0
932,932.0,608.0,109.0,0,,114.75,0.0,0.0
933,933.0,608.0,109.0,0,,114.875,0.0,0.0
934,934.0,608.0,109.0,0,,115.0,0.0,0.0
935,935.0,608.0,109.0,0,,115.125,0.0,0.0
936,936.0,608.0,109.0,0,,115.25,0.0,0.0
937,937.0,608.0,109.0,0,,115.375,0.0,0.0
938,938.0,608.0,109.0,0,,115.5,0.0,0.0
939,939.0,608.0,109.0,0,,115.625,0.0,0.0
940,940.0,608.0,109.0,0,,115.75,0.0,0.0
941,941.0,608.0,109.0,0,,115.875,0.0,0.0
942,942.0,608.0,109.0,0,,116.0,0.0,0.0
943,943.0,608.0,109.0,0,,116.125,0.0,0.0
944,944.0,608.0,109.0,0,,116.25,0.0,0.0
945,945.0,608.0,109.0,0,,116.375,0.0,0.0
946,946.0,608.0,109.0,0,,116.5,0.0,0.0
947,947.0,608.0,109.0,0,,116.625,0.0,0.0
948,948.0,608.0,109.0,0,,116.75,0.0,0.0
949,949.0,608.0,109.0,0,,116.875,0.0,0.0
950,950.0,608.0,109.0,0,,117.0,0.0,0.0
951,951.0,608.0,109.0,0,,117.125,0.0,0.0
952,952.0,608.0,109.0,0,,117.25,0.0,0.0
953,953.0,608.0,109.0,0,,117.375,0.0,0.0
954,954.0,608.0,109.0,0,,117.5,0.0,0.0
955,955.0,608.0,109.0,0,,117.625,0.0,0.0
956,956.0,608.0,109.0,0,,117.75,0.0,0.0
957,957.0,608.0,109.0,0,,117.875,0.0,0.0
958,958.0,608.0,109.0,0,,118.0,0.0,0.0
959,959.0,608.0,109.0,0,,118.125,0.0,0.0
960,960.0,608.0,109.0,0,,118.25,0.0,0.0
961,961.0,608.0,109.0,0,,118.375,0.0,0.0
962,962.0,608.0,109.0,0,,118.5,0.0,0.0
963,963.0,608.0,109.0,0,,118.625,0.0,0.0
964,964.0,608.0,109.0,0,,118.75,0.0,0.0
965,965.0,608.0,109.0,0,,118.875,0.0,0.0
966,966.0,608.0,109.0,0,,119.0,0.0,0.0
967,967.0,608.0,109.0,0,,119.125,0.0,0.0
968,968.0,608.0,109.0,0,,119.25,0.0,0.0
969,969.0,608.0,109.0,0,,119.375,0.0,0.0
970,970.0,608.0,109.0,0,,119.5,0.0,0.0
971,971.0,608.0,109.0,0,,119.625,0.0,0.0
972,972.0,608.0,109.0,0,,119.75,0.0,0.0
973,973.0,608.0,109.0,0,,119.875,0.0,0.0
974,974.0,608.0,109.0,0,,120.0,0.0,0.0
975,975.0,608.0,109.0,0,,120.125,0.0,0.0
976,976.0,608.0,109.0,0,,120.25,0.0,0.0
977,977.0,608.0,109.0,0,,120.375,0.0,0.0
978,978.0,608.0,109.0,0,,120.5,0.0,0.0
979,979.0,608.0,109.0,0,,120.625,0.0,0.0
980,980.0,608.0,109.0,0,,120.75,0.0,0.0
981,981.0,608.0,109.0,0,,120.875,0.0,0.0
982,982.0,608.0,109.0,0,,121.0,0.0,0.0
983,983.0,608.0,109.0,0,,121.125,0.0,0.0
984,984.0,608.0,109.0,0,,121.25,0.0,0.0
985,985.0,608.0,109.0,0,,121.375,0.0,0.0
986,986.0,608.0,109.0,0,,121.5,0.0,0.0
987,987.0,608.0,109.0,0,,121.625,0.0,0.0
988,988.0,608.0,109.0,0,,121.75,0.0,0.0
989,989.0,608.0,109.0,0,,121.875,0.0,0.0
990,990.0,608.0,109.0,0,,122.0,0.0,0.0
991,991.0,608.0,109.0,0,,122.125,0.0,0.0
992,992.0,608.0,109.0,0,,122.25,0.0,0.0
993,993.0,608.0,109.0,0,,122.375,0.0,0.0
